5 0.21514423076923078 0.7055288461538461 0.14423076923076922 0.2932692307692308
5 0.037259615384615384 0.3762019230769231 0.07451923076923077 0.1971153846153846
5 0.13942307692307693 0.3918269230769231 0.06490384615384616 0.1971153846153846
5 0.22355769230769232 0.33774038461538464 0.038461538461538464 0.13942307692307693
5 0.18509615384615385 0.18629807692307693 0.021634615384615384 0.07451923076923077
5 0.34615384615384615 0.41466346153846156 0.06009615384615385 0.19951923076923078
5 0.33413461538461536 0.3389423076923077 0.038461538461538464 0.07451923076923077
5 0.46274038461538464 0.421875 0.04807692307692308 0.21394230769230768
5 0.4807692307692308 0.46033653846153844 0.04807692307692308 0.22115384615384615
5 0.5192307692307693 0.4495192307692308 0.05048076923076923 0.2091346153846154
5 0.6153846153846154 0.5360576923076923 0.07692307692307693 0.2932692307692308
5 0.7319711538461539 0.4423076923076923 0.04807692307692308 0.0985576923076923
5 0.7596153846153846 0.40625 0.04326923076923077 0.14182692307692307
5 0.8569711538461539 0.2620192307692308 0.03125 0.08653846153846154
5 0.8930288461538461 0.24519230769230768 0.03125 0.07451923076923077
5 0.8137019230769231 0.15625 0.019230769230769232 0.06009615384615385
5 0.6117788461538461 0.3858173076923077 0.040865384615384616 0.11778846153846154
5 0.40384615384615385 0.7776442307692307 0.19471153846153846 0.44471153846153844