5 0.03485576923076923 0.5252403846153846 0.06971153846153846 0.35336538461538464
5 0.11658653846153846 0.5444711538461539 0.11057692307692307 0.32211538461538464
5 0.21875 0.44711538461538464 0.0673076923076923 0.21394230769230768
5 0.453125 0.5240384615384616 0.09375 0.20432692307692307
5 0.53125 0.5444711538461539 0.055288461538461536 0.1971153846153846
5 0.5661057692307693 0.6021634615384616 0.08173076923076923 0.21634615384615385
5 0.5829326923076923 0.8341346153846154 0.21875 0.3317307692307692
5 0.4567307692307692 0.7728365384615384 0.15144230769230768 0.4543269230769231
5 0.6478365384615384 0.515625 0.04326923076923077 0.15865384615384615
5 0.7295673076923077 0.5661057692307693 0.04807692307692308 0.15625
5 0.7680288461538461 0.5733173076923077 0.052884615384615384 0.16105769230769232
5 0.8485576923076923 0.6418269230769231 0.06971153846153846 0.24278846153846154
5 0.9074519230769231 0.6826923076923077 0.10576923076923077 0.16826923076923078
5 0.9711538461538461 0.6838942307692307 0.057692307692307696 0.16346153846153846