5 0.49759615384615385 0.10096153846153846 0.014423076923076924 0.04326923076923077
5 0.6105769230769231 0.23677884615384615 0.009615384615384616 0.06009615384615385
5 0.59375 0.234375 0.01201923076923077 0.055288461538461536
5 0.7175480769230769 0.2512019230769231 0.016826923076923076 0.06971153846153846
5 0.7283653846153846 0.23197115384615385 0.007211538461538462 0.0625
5 0.7415865384615384 0.23677884615384615 0.009615384615384616 0.0625
5 0.7524038461538461 0.234375 0.01201923076923077 0.057692307692307696
5 0.7608173076923077 0.23197115384615385 0.01201923076923077 0.04326923076923077
5 0.7668269230769231 0.23076923076923078 0.01201923076923077 0.03365384615384615
5 0.7740384615384616 0.25841346153846156 0.01201923076923077 0.07692307692307693
5 0.7920673076923077 0.2536057692307692 0.019230769230769232 0.07692307692307693
5 0.8221153846153846 0.22956730769230768 0.01201923076923077 0.057692307692307696