5 0.19471153846153846 0.24879807692307693 0.019230769230769232 0.057692307692307696
5 0.17908653846153846 0.36538461538461536 0.036057692307692304 0.11778846153846154
5 0.21514423076923078 0.36899038461538464 0.026442307692307692 0.11778846153846154
5 0.31009615384615385 0.37259615384615385 0.03365384615384615 0.06490384615384616
5 0.3545673076923077 0.3557692307692308 0.026442307692307692 0.10817307692307693
5 0.5504807692307693 0.4326923076923077 0.055288461538461536 0.2091346153846154
5 0.4519230769230769 0.3557692307692308 0.016826923076923076 0.10096153846153846
5 0.4963942307692308 0.36778846153846156 0.02403846153846154 0.11778846153846154
5 0.5132211538461539 0.34615384615384615 0.019230769230769232 0.09134615384615384
5 0.5637019230769231 0.35336538461538464 0.026442307692307692 0.10576923076923077
5 0.6033653846153846 0.3485576923076923 0.03125 0.09134615384615384
5 0.6899038461538461 0.41586538461538464 0.040865384615384616 0.15384615384615385
5 0.6778846153846154 0.390625 0.026442307692307692 0.14903846153846154
5 0.8076923076923077 0.4807692307692308 0.0625 0.27163461538461536
5 0.9375 0.29927884615384615 0.03125 0.16346153846153846