5 0.11057692307692307 0.5036057692307693 0.07692307692307693 0.24759615384615385
5 0.22596153846153846 0.4579326923076923 0.036057692307692304 0.15384615384615385
5 0.21514423076923078 0.39783653846153844 0.021634615384615384 0.055288461538461536
5 0.3425480769230769 0.3605769230769231 0.026442307692307692 0.10336538461538461
5 0.3713942307692308 0.4651442307692308 0.04807692307692308 0.1658653846153846
5 0.4375 0.4411057692307692 0.036057692307692304 0.1466346153846154
5 0.46153846153846156 0.45913461538461536 0.04567307692307692 0.14903846153846154
5 0.5264423076923077 0.4483173076923077 0.038461538461538464 0.14423076923076922
5 0.5576923076923077 0.5396634615384616 0.06009615384615385 0.27163461538461536
5 0.6358173076923077 0.4170673076923077 0.026442307692307692 0.10096153846153846
5 0.578125 0.41346153846153844 0.026442307692307692 0.0985576923076923
5 0.6634615384615384 0.4098557692307692 0.02403846153846154 0.0985576923076923
5 0.7019230769230769 0.4170673076923077 0.028846153846153848 0.11538461538461539
5 0.9447115384615384 0.5384615384615384 0.06971153846153846 0.2764423076923077