5 0.46033653846153844 0.7692307692307693 0.18509615384615385 0.46153846153846156
5 0.234375 0.49038461538461536 0.028846153846153848 0.0625
5 0.36899038461538464 0.4543269230769231 0.019230769230769232 0.057692307692307696
5 0.3425480769230769 0.4206730769230769 0.014423076923076924 0.05048076923076923
5 0.40024038461538464 0.3954326923076923 0.021634615384615384 0.04807692307692308
5 0.4543269230769231 0.484375 0.021634615384615384 0.07211538461538461
5 0.4170673076923077 0.4362980769230769 0.019230769230769232 0.06009615384615385
5 0.4951923076923077 0.43509615384615385 0.019230769230769232 0.06009615384615385
5 0.5288461538461539 0.41947115384615385 0.014423076923076924 0.057692307692307696
5 0.5120192307692307 0.41225961538461536 0.01201923076923077 0.052884615384615384
5 0.5504807692307693 0.4230769230769231 0.014423076923076924 0.06490384615384616
5 0.5564903846153846 0.4326923076923077 0.01201923076923077 0.04567307692307692
5 0.59375 0.41346153846153844 0.014423076923076924 0.052884615384615384
5 0.6141826923076923 0.40384615384615385 0.016826923076923076 0.055288461538461536
5 0.5793269230769231 0.3894230769230769 0.01201923076923077 0.04567307692307692
5 0.5625 0.40024038461538464 0.01201923076923077 0.04567307692307692
5 0.5685096153846154 0.3954326923076923 0.009615384615384616 0.038461538461538464
5 0.7860576923076923 0.3786057692307692 0.03125 0.057692307692307696
5 0.9747596153846154 0.3317307692307692 0.021634615384615384 0.055288461538461536