5 0.27524038461538464 0.2512019230769231 0.01201923076923077 0.03365384615384615
5 0.3629807692307692 0.35697115384615385 0.007211538461538462 0.04807692307692308
5 0.3485576923076923 0.3545673076923077 0.009615384615384616 0.04326923076923077
5 0.44471153846153844 0.36778846153846156 0.014423076923076924 0.052884615384615384
5 0.4543269230769231 0.35336538461538464 0.007211538461538462 0.04807692307692308
5 0.4639423076923077 0.35697115384615385 0.007211538461538462 0.04807692307692308
5 0.4723557692307692 0.3557692307692308 0.009615384615384616 0.04567307692307692
5 0.47836538461538464 0.35336538461538464 0.009615384615384616 0.03365384615384615
5 0.4831730769230769 0.35216346153846156 0.009615384615384616 0.026442307692307692
5 0.4891826923076923 0.3737980769230769 0.009615384615384616 0.06009615384615385
5 0.5024038461538461 0.3701923076923077 0.014423076923076924 0.06009615384615385
5 0.5264423076923077 0.35216346153846156 0.009615384615384616 0.04326923076923077