5 0.4543269230769231 0.3870192307692308 0.01201923076923077 0.028846153846153848
5 0.46274038461538464 0.37259615384615385 0.009615384615384616 0.019230769230769232
5 0.4963942307692308 0.3786057692307692 0.009615384615384616 0.026442307692307692
5 0.5276442307692307 0.375 0.004807692307692308 0.03125
5 0.546875 0.38221153846153844 0.007211538461538462 0.026442307692307692
5 0.5552884615384616 0.38341346153846156 0.007211538461538462 0.03365384615384615
5 0.5625 0.36538461538461536 0.007211538461538462 0.02403846153846154
5 0.5709134615384616 0.38100961538461536 0.007211538461538462 0.02403846153846154
5 0.5769230769230769 0.37259615384615385 0.004807692307692308 0.026442307692307692
5 0.5829326923076923 0.37259615384615385 0.007211538461538462 0.028846153846153848
5 0.5805288461538461 0.37740384615384615 0.007211538461538462 0.026442307692307692
5 0.5877403846153846 0.3713942307692308 0.007211538461538462 0.02403846153846154
5 0.5961538461538461 0.38341346153846156 0.007211538461538462 0.026442307692307692
5 0.6081730769230769 0.375 0.007211538461538462 0.028846153846153848
5 0.6237980769230769 0.4050480769230769 0.009615384615384616 0.036057692307692304
5 0.6189903846153846 0.390625 0.009615384615384616 0.03125
5 0.6189903846153846 0.375 0.007211538461538462 0.016826923076923076
5 0.6189903846153846 0.36538461538461536 0.007211538461538462 0.014423076923076924
5 0.6346153846153846 0.36778846153846156 0.007211538461538462 0.02403846153846154
5 0.6418269230769231 0.36899038461538464 0.007211538461538462 0.021634615384615384
5 0.5612980769230769 0.3076923076923077 0.004807692307692308 0.019230769230769232
5 0.23076923076923078 0.328125 0.014423076923076924 0.05048076923076923