5 0.2692307692307692 0.41586538461538464 0.11538461538461539 0.2860576923076923
5 0.5252403846153846 0.32091346153846156 0.05048076923076923 0.21875
5 0.5709134615384616 0.25240384615384615 0.038461538461538464 0.15384615384615385
5 0.6129807692307693 0.2776442307692308 0.036057692307692304 0.1875
5 0.6478365384615384 0.234375 0.040865384615384616 0.13701923076923078
5 0.6947115384615384 0.2800480769230769 0.052884615384615384 0.19471153846153846
5 0.7860576923076923 0.2704326923076923 0.04326923076923077 0.18269230769230768
5 0.7572115384615384 0.25841346153846156 0.040865384615384616 0.15865384615384615
5 0.9266826923076923 0.26802884615384615 0.052884615384615384 0.20192307692307693
5 0.7776442307692307 0.11658653846153846 0.021634615384615384 0.05048076923076923
5 0.2824519230769231 0.013221153846153846 0.026442307692307692 0.026442307692307692