5 0.4735576923076923 0.4891826923076923 0.021634615384615384 0.07932692307692307
5 0.2692307692307692 0.4855769230769231 0.01201923076923077 0.038461538461538464
5 0.2548076923076923 0.4699519230769231 0.009615384615384616 0.03125
5 0.25961538461538464 0.4483173076923077 0.009615384615384616 0.026442307692307692
5 0.26322115384615385 0.4362980769230769 0.007211538461538462 0.026442307692307692
5 0.2824519230769231 0.42908653846153844 0.009615384615384616 0.02403846153846154
5 0.23317307692307693 0.4579326923076923 0.01201923076923077 0.028846153846153848
5 0.23197115384615385 0.4411057692307692 0.009615384615384616 0.02403846153846154
5 0.22355769230769232 0.44591346153846156 0.009615384615384616 0.028846153846153848
5 0.21875 0.453125 0.007211538461538462 0.028846153846153848
5 0.21033653846153846 0.44591346153846156 0.007211538461538462 0.026442307692307692
5 0.19591346153846154 0.4567307692307692 0.007211538461538462 0.028846153846153848
5 0.20192307692307693 0.43990384615384615 0.009615384615384616 0.028846153846153848
5 0.21754807692307693 0.4387019230769231 0.007211538461538462 0.019230769230769232
5 0.15144230769230768 0.3954326923076923 0.007211538461538462 0.02403846153846154
5 0.1201923076923077 0.4723557692307692 0.01201923076923077 0.026442307692307692
5 0.20793269230769232 0.3701923076923077 0.007211538461538462 0.02403846153846154
5 0.8725961538461539 0.4326923076923077 0.01201923076923077 0.02403846153846154
5 0.8858173076923077 0.39903846153846156 0.007211538461538462 0.021634615384615384
5 0.8894230769230769 0.390625 0.007211538461538462 0.02403846153846154
5 0.9314903846153846 0.39302884615384615 0.007211538461538462 0.026442307692307692