5 0.17307692307692307 0.6850961538461539 0.25961538461538464 0.6298076923076923
5 0.30288461538461536 0.3425480769230769 0.0673076923076923 0.15865384615384615
5 0.35697115384615385 0.4387019230769231 0.06009615384615385 0.25961538461538464
5 0.4326923076923077 0.49278846153846156 0.08173076923076923 0.3269230769230769
5 0.5733173076923077 0.7259615384615384 0.22355769230769232 0.5480769230769231
5 0.7199519230769231 0.4891826923076923 0.06490384615384616 0.19471153846153846
5 0.8509615384615384 0.5901442307692307 0.08413461538461539 0.31490384615384615
5 0.9182692307692307 0.5528846153846154 0.07451923076923077 0.24759615384615385
5 0.6153846153846154 0.39783653846153844 0.03365384615384615 0.0985576923076923
5 0.6598557692307693 0.38100961538461536 0.03365384615384615 0.08413461538461539
5 0.5456730769230769 0.3918269230769231 0.055288461538461536 0.12259615384615384
5 0.4362980769230769 0.28846153846153844 0.021634615384615384 0.055288461538461536
5 0.41346153846153844 0.32211538461538464 0.02403846153846154 0.0889423076923077