5 0.037259615384615384 0.71875 0.07451923076923077 0.30288461538461536
5 0.2620192307692308 0.6971153846153846 0.125 0.25240384615384615
5 0.09735576923076923 0.41346153846153844 0.08653846153846154 0.17067307692307693
5 0.1971153846153846 0.4266826923076923 0.057692307692307696 0.16826923076923078
5 0.2692307692307692 0.3798076923076923 0.036057692307692304 0.1201923076923077
5 0.23677884615384615 0.25 0.019230769230769232 0.06490384615384616
5 0.375 0.44711538461538464 0.05048076923076923 0.17067307692307693
5 0.36538461538461536 0.38221153846153844 0.03125 0.06490384615384616
5 0.47596153846153844 0.4519230769230769 0.040865384615384616 0.18509615384615385
5 0.49158653846153844 0.4855769230769231 0.040865384615384616 0.18990384615384615
5 0.5240384615384616 0.47596153846153844 0.04326923076923077 0.18028846153846154
5 0.6069711538461539 0.5504807692307693 0.06490384615384616 0.25240384615384615
5 0.7067307692307693 0.4699519230769231 0.040865384615384616 0.08413461538461539
5 0.7307692307692307 0.4387019230769231 0.036057692307692304 0.12259615384615384
5 0.8149038461538461 0.31490384615384615 0.026442307692307692 0.07451923076923077
5 0.8449519230769231 0.3004807692307692 0.026442307692307692 0.0673076923076923
5 0.7764423076923077 0.2247596153846154 0.016826923076923076 0.052884615384615384
5 0.6033653846153846 0.421875 0.036057692307692304 0.10096153846153846
5 0.4254807692307692 0.7836538461538461 0.16826923076923078 0.4326923076923077