5 0.03125 0.3918269230769231 0.0625 0.23317307692307693
5 0.13221153846153846 0.2920673076923077 0.038461538461538464 0.08653846153846154
5 0.29927884615384615 0.3581730769230769 0.040865384615384616 0.1346153846153846
5 0.2692307692307692 0.21875 0.019230769230769232 0.05048076923076923
5 0.4567307692307692 0.38221153846153844 0.036057692307692304 0.1466346153846154
5 0.4387019230769231 0.328125 0.028846153846153848 0.04567307692307692
5 0.5264423076923077 0.375 0.03365384615384615 0.13701923076923078
5 0.5564903846153846 0.40024038461538464 0.028846153846153848 0.12740384615384615
5 0.5793269230769231 0.40024038461538464 0.03365384615384615 0.14423076923076922
5 0.6237980769230769 0.38341346153846156 0.028846153846153848 0.12740384615384615
5 0.6646634615384616 0.4519230769230769 0.04567307692307692 0.18990384615384615
5 0.7175480769230769 0.375 0.028846153846153848 0.1201923076923077
5 0.7127403846153846 0.3317307692307692 0.019230769230769232 0.04807692307692308
5 0.6850961538461539 0.16947115384615385 0.028846153846153848 0.06009615384615385
5 0.4495192307692308 0.13581730769230768 0.009615384615384616 0.026442307692307692
5 0.109375 0.20552884615384615 0.021634615384615384 0.03365384615384615