5 0.06009615384615385 0.1814903846153846 0.04326923076923077 0.15865384615384615
5 0.10216346153846154 0.19230769230769232 0.06490384615384616 0.16346153846153846
5 0.18870192307692307 0.32211538461538464 0.09375 0.27403846153846156
5 0.24158653846153846 0.2283653846153846 0.057692307692307696 0.22355769230769232
5 0.33774038461538464 0.2247596153846154 0.055288461538461536 0.18028846153846154
5 0.3798076923076923 0.3016826923076923 0.07932692307692307 0.25
5 0.46634615384615385 0.3137019230769231 0.08173076923076923 0.2980769230769231
5 0.5012019230769231 0.4338942307692308 0.10096153846153846 0.39663461538461536
5 0.4423076923076923 0.6790865384615384 0.23076923076923078 0.6418269230769231
5 0.7163461538461539 0.28725961538461536 0.0625 0.2091346153846154
5 0.5829326923076923 0.3016826923076923 0.05048076923076923 0.25240384615384615
5 0.7836538461538461 0.53125 0.11057692307692307 0.5072115384615384
5 0.8990384615384616 0.6141826923076923 0.1658653846153846 0.6201923076923077
5 0.9603365384615384 0.359375 0.07932692307692307 0.27163461538461536