5 0.19230769230769232 0.8329326923076923 0.1466346153846154 0.3004807692307692
5 0.02403846153846154 0.4951923076923077 0.04807692307692308 0.20192307692307693
5 0.11538461538461539 0.5120192307692307 0.06490384615384616 0.19951923076923078
5 0.20192307692307693 0.4579326923076923 0.040865384615384616 0.14182692307692307
5 0.1622596153846154 0.30288461538461536 0.021634615384615384 0.07692307692307693
5 0.3269230769230769 0.5360576923076923 0.057692307692307696 0.20192307692307693
5 0.3137019230769231 0.45913461538461536 0.038461538461538464 0.07451923076923077
5 0.44471153846153844 0.5432692307692307 0.04807692307692308 0.21875
5 0.4639423076923077 0.5829326923076923 0.04807692307692308 0.22596153846153846
5 0.5024038461538461 0.5709134615384616 0.05048076923076923 0.21153846153846154
5 0.5997596153846154 0.6598557692307693 0.07932692307692307 0.2980769230769231
5 0.7199519230769231 0.5637019230769231 0.05048076923076923 0.10096153846153846
5 0.7475961538461539 0.5276442307692307 0.04326923076923077 0.14182692307692307
5 0.8461538461538461 0.3798076923076923 0.03125 0.0889423076923077
5 0.8834134615384616 0.3629807692307692 0.03125 0.07932692307692307
5 0.8016826923076923 0.27283653846153844 0.019230769230769232 0.06009615384615385
5 0.5961538461538461 0.5072115384615384 0.04326923076923077 0.11778846153846154
5 0.38461538461538464 0.8389423076923077 0.1971153846153846 0.32211538461538464