5 0.3401442307692308 0.5324519230769231 0.17307692307692307 0.49038461538461536
5 0.5096153846153846 0.8004807692307693 0.22115384615384615 0.39903846153846156
5 0.5685096153846154 0.2920673076923077 0.06971153846153846 0.28125
5 0.5192307692307693 0.20072115384615385 0.04567307692307692 0.19951923076923078
5 0.4879807692307692 0.09134615384615384 0.05048076923076923 0.15144230769230768
5 0.6153846153846154 0.08052884615384616 0.038461538461538464 0.11778846153846154
5 0.6862980769230769 0.14182692307692307 0.040865384615384616 0.14182692307692307
5 0.7019230769230769 0.16105769230769232 0.036057692307692304 0.1466346153846154
5 0.7716346153846154 0.10817307692307693 0.028846153846153848 0.0985576923076923
5 0.8401442307692307 0.2848557692307692 0.0673076923076923 0.18269230769230768
5 0.8389423076923077 0.20192307692307693 0.05048076923076923 0.14423076923076922
5 0.8665865384615384 0.15865384615384615 0.026442307692307692 0.10576923076923077
5 0.8954326923076923 0.19591346153846154 0.036057692307692304 0.12259615384615384
5 0.9747596153846154 0.22115384615384615 0.04326923076923077 0.12740384615384615
5 0.9567307692307693 0.42788461538461536 0.07932692307692307 0.3076923076923077
3 0.5048076923076923 0.6766826923076923 0.08173076923076923 0.1346153846153846
3 0.5745192307692307 0.18870192307692307 0.03125 0.0673076923076923
3 0.5264423076923077 0.11899038461538461 0.019230769230769232 0.026442307692307692
3 0.4951923076923077 0.037259615384615384 0.028846153846153848 0.028846153846153848
3 0.6141826923076923 0.04447115384615385 0.019230769230769232 0.02403846153846154
3 0.7079326923076923 0.109375 0.02403846153846154 0.03365384615384615
3 0.6899038461538461 0.09375 0.016826923076923076 0.028846153846153848
3 0.7752403846153846 0.07091346153846154 0.01201923076923077 0.016826923076923076
3 0.8377403846153846 0.15985576923076922 0.019230769230769232 0.03365384615384615
3 0.8521634615384616 0.20673076923076922 0.016826923076923076 0.021634615384615384
3 0.875 0.12860576923076922 0.021634615384615384 0.028846153846153848
3 0.890625 0.14903846153846154 0.016826923076923076 0.02403846153846154
3 0.9831730769230769 0.1778846153846154 0.026442307692307692 0.038461538461538464
3 0.9711538461538461 0.30408653846153844 0.03125 0.057692307692307696