5 0.10216346153846154 0.4182692307692308 0.04807692307692308 0.16826923076923078
5 0.14783653846153846 0.42908653846153844 0.0673076923076923 0.17307692307692307
5 0.23918269230769232 0.5673076923076923 0.0985576923076923 0.29086538461538464
5 0.2956730769230769 0.4675480769230769 0.06009615384615385 0.23557692307692307
5 0.39783653846153844 0.4639423076923077 0.057692307692307696 0.18990384615384615
5 0.44350961538461536 0.5456730769230769 0.08413461538461539 0.2668269230769231
5 0.5336538461538461 0.5588942307692307 0.08653846153846154 0.3173076923076923
5 0.5709134615384616 0.6862980769230769 0.10576923076923077 0.4230769230769231
5 0.5084134615384616 0.8028846153846154 0.24759615384615385 0.3942307692307692
5 0.8004807692307693 0.5300480769230769 0.06490384615384616 0.22115384615384615
5 0.6574519230769231 0.5456730769230769 0.055288461538461536 0.2668269230769231
5 0.8701923076923077 0.7596153846153846 0.11778846153846154 0.4807692307692308
5 0.9519230769230769 0.7740384615384616 0.09615384615384616 0.4519230769230769