5 0.1045673076923077 0.37740384615384615 0.036057692307692304 0.12980769230769232
5 0.13942307692307693 0.3858173076923077 0.05048076923076923 0.1346153846153846
5 0.21033653846153846 0.49278846153846156 0.07692307692307693 0.22596153846153846
5 0.2536057692307692 0.41586538461538464 0.04807692307692308 0.18269230769230768
5 0.3329326923076923 0.41225961538461536 0.04567307692307692 0.1466346153846154
5 0.36658653846153844 0.47596153846153844 0.06490384615384616 0.20432692307692307
5 0.4375 0.4855769230769231 0.0673076923076923 0.24519230769230768
5 0.46634615384615385 0.5841346153846154 0.08173076923076923 0.3269230769230769
5 0.4182692307692308 0.7608173076923077 0.18990384615384615 0.47836538461538464
5 0.6430288461538461 0.4639423076923077 0.052884615384615384 0.17067307692307693
5 0.5324519230769231 0.47596153846153844 0.040865384615384616 0.20432692307692307
5 0.6971153846153846 0.6646634615384616 0.09134615384615384 0.41586538461538464
5 0.7920673076923077 0.7319711538461539 0.13701923076923078 0.5096153846153846
5 0.8545673076923077 0.5252403846153846 0.08653846153846154 0.22115384615384615