5 0.08052884615384616 0.4963942307692308 0.08653846153846154 0.27403846153846156
5 0.3798076923076923 0.5925480769230769 0.11778846153846154 0.25961538461538464
5 0.47836538461538464 0.6177884615384616 0.06971153846153846 0.25
5 0.5228365384615384 0.6923076923076923 0.10576923076923077 0.2764423076923077
5 0.5432692307692307 0.8882211538461539 0.2764423076923077 0.22355769230769232
5 0.38221153846153844 0.8100961538461539 0.19230769230769232 0.3798076923076923
5 0.625 0.5817307692307693 0.055288461538461536 0.19951923076923078
5 0.7295673076923077 0.6466346153846154 0.06009615384615385 0.19951923076923078
5 0.7788461538461539 0.6550480769230769 0.0673076923076923 0.20432692307692307
5 0.8798076923076923 0.7427884615384616 0.0889423076923077 0.3076923076923077
5 0.9435096153846154 0.7944711538461539 0.11298076923076923 0.21634615384615385