5 0.19831730769230768 0.45552884615384615 0.07451923076923077 0.17307692307692307
5 0.29086538461538464 0.5396634615384616 0.052884615384615384 0.30288461538461536
5 0.3737980769230769 0.515625 0.06490384615384616 0.2644230769230769
5 0.41466346153846156 0.7608173076923077 0.16826923076923078 0.47836538461538464
5 0.46153846153846156 0.5793269230769231 0.08653846153846154 0.37740384615384615
5 0.41346153846153844 0.46153846153846156 0.057692307692307696 0.18509615384615385
5 0.4375 0.3713942307692308 0.038461538461538464 0.09375
5 0.6875 0.4675480769230769 0.10336538461538461 0.2620192307692308
5 0.7235576923076923 0.3858173076923077 0.05048076923076923 0.19471153846153846
5 0.6766826923076923 0.3449519230769231 0.03365384615384615 0.10336538461538461
5 0.7848557692307693 0.23918269230769232 0.026442307692307692 0.04807692307692308