5 0.12620192307692307 0.5612980769230769 0.04807692307692308 0.15384615384615385
5 0.18509615384615385 0.5612980769230769 0.0625 0.19230769230769232
5 0.2536057692307692 0.5480769230769231 0.028846153846153848 0.13701923076923078
5 0.30649038461538464 0.6021634615384616 0.04567307692307692 0.20432692307692307
5 0.3641826923076923 0.5661057692307693 0.038461538461538464 0.15384615384615385
5 0.453125 0.46875 0.03365384615384615 0.10576923076923077
5 0.484375 0.546875 0.04326923076923077 0.14182692307692307
5 0.5865384615384616 0.6610576923076923 0.07451923076923077 0.31490384615384615
5 0.6646634615384616 0.5564903846153846 0.038461538461538464 0.14423076923076922
5 0.7752403846153846 0.5384615384615384 0.038461538461538464 0.11778846153846154
5 0.8209134615384616 0.5564903846153846 0.052884615384615384 0.15144230769230768