5 0.47596153846153844 0.3485576923076923 0.01201923076923077 0.03125
5 0.4855769230769231 0.33413461538461536 0.009615384615384616 0.021634615384615384
5 0.5216346153846154 0.3389423076923077 0.007211538461538462 0.026442307692307692
5 0.5540865384615384 0.33653846153846156 0.007211538461538462 0.03365384615384615
5 0.5745192307692307 0.3425480769230769 0.007211538461538462 0.028846153846153848
5 0.5841346153846154 0.3449519230769231 0.007211538461538462 0.036057692307692304
5 0.5913461538461539 0.3245192307692308 0.007211538461538462 0.028846153846153848
5 0.6009615384615384 0.3425480769230769 0.007211538461538462 0.028846153846153848
5 0.6081730769230769 0.33413461538461536 0.004807692307692308 0.026442307692307692
5 0.6141826923076923 0.3329326923076923 0.009615384615384616 0.028846153846153848
5 0.6117788461538461 0.3389423076923077 0.007211538461538462 0.026442307692307692
5 0.6189903846153846 0.3317307692307692 0.007211538461538462 0.02403846153846154
5 0.6274038461538461 0.3449519230769231 0.007211538461538462 0.028846153846153848
5 0.6418269230769231 0.33533653846153844 0.007211538461538462 0.028846153846153848
5 0.6574519230769231 0.36778846153846156 0.009615384615384616 0.038461538461538464
5 0.6526442307692307 0.35336538461538464 0.01201923076923077 0.03365384615384615
5 0.6526442307692307 0.33653846153846156 0.007211538461538462 0.019230769230769232
5 0.6526442307692307 0.32572115384615385 0.007211538461538462 0.014423076923076924
5 0.6694711538461539 0.328125 0.009615384615384616 0.026442307692307692
5 0.6766826923076923 0.3293269230769231 0.007211538461538462 0.02403846153846154
5 0.5913461538461539 0.2644230769230769 0.004807692307692308 0.021634615384615384
5 0.23798076923076922 0.2860576923076923 0.016826923076923076 0.055288461538461536