5 0.23557692307692307 0.46634615384615385 0.06971153846153846 0.16346153846153846
5 0.3233173076923077 0.5480769230769231 0.05048076923076923 0.29086538461538464
5 0.4014423076923077 0.5252403846153846 0.06009615384615385 0.25240384615384615
5 0.43990384615384615 0.7644230769230769 0.15865384615384615 0.47115384615384615
5 0.48677884615384615 0.5853365384615384 0.08173076923076923 0.3605769230769231
5 0.43990384615384615 0.4723557692307692 0.055288461538461536 0.17548076923076922
5 0.46274038461538464 0.3870192307692308 0.036057692307692304 0.09134615384615384
5 0.7019230769230769 0.47836538461538464 0.09615384615384616 0.25
5 0.7355769230769231 0.4014423076923077 0.04807692307692308 0.18509615384615385
5 0.6911057692307693 0.36177884615384615 0.03125 0.0985576923076923
5 0.7944711538461539 0.2620192307692308 0.02403846153846154 0.04567307692307692