5 0.44471153846153844 0.41346153846153844 0.019230769230769232 0.06490384615384616
5 0.2776442307692308 0.4098557692307692 0.009615384615384616 0.03125
5 0.2644230769230769 0.39783653846153844 0.007211538461538462 0.02403846153846154
5 0.2692307692307692 0.3798076923076923 0.007211538461538462 0.02403846153846154
5 0.27163461538461536 0.3701923076923077 0.007211538461538462 0.021634615384615384
5 0.28725961538461536 0.3641826923076923 0.007211538461538462 0.021634615384615384
5 0.24639423076923078 0.38822115384615385 0.009615384615384616 0.02403846153846154
5 0.24639423076923078 0.3737980769230769 0.007211538461538462 0.019230769230769232
5 0.23918269230769232 0.3786057692307692 0.009615384615384616 0.026442307692307692
5 0.23557692307692307 0.38341346153846156 0.007211538461538462 0.02403846153846154
5 0.2283653846153846 0.37740384615384615 0.007211538461538462 0.02403846153846154
5 0.21634615384615385 0.3870192307692308 0.004807692307692308 0.02403846153846154
5 0.22115384615384615 0.37259615384615385 0.007211538461538462 0.02403846153846154
5 0.234375 0.3713942307692308 0.004807692307692308 0.016826923076923076
5 0.18028846153846154 0.33653846153846156 0.007211538461538462 0.019230769230769232
5 0.15384615384615385 0.40024038461538464 0.009615384615384616 0.021634615384615384
5 0.22596153846153846 0.31490384615384615 0.007211538461538462 0.019230769230769232
5 0.7740384615384616 0.36658653846153844 0.009615384615384616 0.019230769230769232
5 0.7848557692307693 0.3389423076923077 0.007211538461538462 0.019230769230769232
5 0.7884615384615384 0.3317307692307692 0.004807692307692308 0.019230769230769232
5 0.8221153846153846 0.33533653846153844 0.007211538461538462 0.021634615384615384