5 0.38221153846153844 0.203125 0.01201923076923077 0.03365384615384615
5 0.47475961538461536 0.3137019230769231 0.009615384615384616 0.05048076923076923
5 0.46033653846153844 0.3125 0.009615384615384616 0.04567307692307692
5 0.5625 0.32572115384615385 0.01201923076923077 0.057692307692307696
5 0.5709134615384616 0.3112980769230769 0.007211538461538462 0.05048076923076923
5 0.5817307692307693 0.31490384615384615 0.007211538461538462 0.052884615384615384
5 0.5901442307692307 0.3125 0.009615384615384616 0.04807692307692308
5 0.5973557692307693 0.31009615384615385 0.009615384615384616 0.03365384615384615
5 0.6021634615384616 0.3088942307692308 0.01201923076923077 0.026442307692307692
5 0.6081730769230769 0.3317307692307692 0.01201923076923077 0.0625
5 0.6225961538461539 0.328125 0.016826923076923076 0.06490384615384616
5 0.6478365384615384 0.3088942307692308 0.009615384615384616 0.04567307692307692