5 0.453125 0.45072115384615385 0.014423076923076924 0.03365384615384615
5 0.46274038461538464 0.4338942307692308 0.009615384615384616 0.021634615384615384
5 0.5024038461538461 0.43990384615384615 0.009615384615384616 0.028846153846153848
5 0.5372596153846154 0.4375 0.007211538461538462 0.03365384615384615
5 0.5588942307692307 0.44471153846153844 0.009615384615384616 0.028846153846153848
5 0.5685096153846154 0.44591346153846156 0.009615384615384616 0.038461538461538464
5 0.5757211538461539 0.4254807692307692 0.007211538461538462 0.028846153846153848
5 0.5865384615384616 0.44350961538461536 0.009615384615384616 0.028846153846153848
5 0.59375 0.4338942307692308 0.007211538461538462 0.028846153846153848
5 0.6009615384615384 0.4338942307692308 0.009615384615384616 0.03125
5 0.5985576923076923 0.43990384615384615 0.007211538461538462 0.028846153846153848
5 0.6057692307692307 0.4326923076923077 0.007211538461538462 0.026442307692307692
5 0.6141826923076923 0.44591346153846156 0.009615384615384616 0.03125
5 0.6298076923076923 0.4362980769230769 0.009615384615384616 0.03125
5 0.6478365384615384 0.47115384615384615 0.01201923076923077 0.040865384615384616
5 0.6418269230769231 0.45552884615384615 0.01201923076923077 0.036057692307692304
5 0.6418269230769231 0.4375 0.007211538461538462 0.019230769230769232
5 0.6418269230769231 0.4254807692307692 0.009615384615384616 0.014423076923076924
5 0.6598557692307693 0.42908653846153844 0.009615384615384616 0.028846153846153848
5 0.6682692307692307 0.42908653846153844 0.007211538461538462 0.02403846153846154
5 0.5757211538461539 0.3605769230769231 0.004807692307692308 0.021634615384615384
5 0.1971153846153846 0.38221153846153844 0.016826923076923076 0.057692307692307696