5 0.18269230769230768 0.31490384615384615 0.019230769230769232 0.06490384615384616
5 0.1658653846153846 0.4411057692307692 0.038461538461538464 0.12740384615384615
5 0.20673076923076922 0.44591346153846156 0.028846153846153848 0.13221153846153846
5 0.31009615384615385 0.45072115384615385 0.036057692307692304 0.06971153846153846
5 0.3581730769230769 0.43149038461538464 0.028846153846153848 0.11778846153846154
5 0.5745192307692307 0.5168269230769231 0.06009615384615385 0.2283653846153846
5 0.4651442307692308 0.43149038461538464 0.019230769230769232 0.10817307692307693
5 0.5144230769230769 0.44471153846153844 0.026442307692307692 0.12980769230769232
5 0.5336538461538461 0.421875 0.021634615384615384 0.0985576923076923
5 0.5877403846153846 0.42908653846153844 0.028846153846153848 0.11538461538461539
5 0.6310096153846154 0.42427884615384615 0.03365384615384615 0.10096153846153846
5 0.7271634615384616 0.49759615384615385 0.04326923076923077 0.16826923076923078
5 0.7139423076923077 0.4699519230769231 0.028846153846153848 0.16105769230769232
5 0.8557692307692307 0.5685096153846154 0.0673076923076923 0.2980769230769231
5 0.9903846153846154 0.36899038461538464 0.019230769230769232 0.1778846153846154