5 0.4362980769230769 0.7548076923076923 0.16105769230769232 0.49038461538461536
5 0.2403846153846154 0.4675480769230769 0.026442307692307692 0.055288461538461536
5 0.35697115384615385 0.4362980769230769 0.016826923076923076 0.05048076923076923
5 0.33413461538461536 0.4074519230769231 0.014423076923076924 0.04326923076923077
5 0.38341346153846156 0.3858173076923077 0.019230769230769232 0.040865384615384616
5 0.43028846153846156 0.46153846153846156 0.019230769230769232 0.0625
5 0.39783653846153844 0.4206730769230769 0.016826923076923076 0.052884615384615384
5 0.46634615384615385 0.41947115384615385 0.016826923076923076 0.052884615384615384
5 0.4951923076923077 0.40625 0.014423076923076924 0.05048076923076923
5 0.4795673076923077 0.39903846153846156 0.01201923076923077 0.04567307692307692
5 0.5132211538461539 0.40865384615384615 0.01201923076923077 0.057692307692307696
5 0.5192307692307693 0.4170673076923077 0.01201923076923077 0.040865384615384616
5 0.5516826923076923 0.40024038461538464 0.01201923076923077 0.04567307692307692
5 0.5685096153846154 0.3918269230769231 0.01201923076923077 0.04807692307692308
5 0.5384615384615384 0.3798076923076923 0.009615384615384616 0.040865384615384616
5 0.5240384615384616 0.3894230769230769 0.01201923076923077 0.040865384615384616
5 0.5288461538461539 0.38461538461538464 0.007211538461538462 0.03365384615384615
5 0.7175480769230769 0.3701923076923077 0.028846153846153848 0.05048076923076923
5 0.8786057692307693 0.33052884615384615 0.019230769230769232 0.04807692307692308