5 0.009615384615384616 0.4230769230769231 0.019230769230769232 0.20192307692307693
5 0.14783653846153846 0.296875 0.036057692307692304 0.1346153846153846
5 0.18509615384615385 0.4326923076923077 0.0625 0.21394230769230768
5 0.2704326923076923 0.4014423076923077 0.04567307692307692 0.18990384615384615
5 0.30288461538461536 0.42427884615384615 0.057692307692307696 0.19471153846153846
5 0.3858173076923077 0.4098557692307692 0.05048076923076923 0.1875
5 0.4266826923076923 0.5288461538461539 0.07692307692307693 0.35096153846153844
5 0.5276442307692307 0.36899038461538464 0.03365384615384615 0.12980769230769232
5 0.453125 0.36538461538461536 0.036057692307692304 0.12740384615384615
5 0.5637019230769231 0.3605769230769231 0.03365384615384615 0.12740384615384615
5 0.6141826923076923 0.3701923076923077 0.038461538461538464 0.14903846153846154
5 0.9290865384615384 0.5276442307692307 0.0889423076923077 0.3581730769230769