5 0.078125 0.6526442307692307 0.15625 0.6754807692307693
5 0.15504807692307693 0.28846153846153844 0.06009615384615385 0.1466346153846154
5 0.20432692307692307 0.37740384615384615 0.055288461538461536 0.2403846153846154
5 0.27403846153846156 0.42788461538461536 0.07451923076923077 0.3004807692307692
5 0.40384615384615385 0.6947115384615384 0.20673076923076922 0.6105769230769231
5 0.5384615384615384 0.42427884615384615 0.057692307692307696 0.1778846153846154
5 0.6586538461538461 0.5168269230769231 0.07692307692307693 0.29086538461538464
5 0.7211538461538461 0.4831730769230769 0.0673076923076923 0.2283653846153846
5 0.8425480769230769 0.5829326923076923 0.1201923076923077 0.34134615384615385
5 0.9290865384615384 0.5096153846153846 0.06009615384615385 0.22355769230769232
5 0.4423076923076923 0.3401442307692308 0.03365384615384615 0.09134615384615384
5 0.4831730769230769 0.3245192307692308 0.03125 0.07692307692307693
5 0.3786057692307692 0.33533653846153844 0.052884615384615384 0.11298076923076923
5 0.2776442307692308 0.2403846153846154 0.019230769230769232 0.05048076923076923
5 0.25721153846153844 0.2704326923076923 0.021634615384615384 0.08413461538461539