5 0.2764423076923077 0.47836538461538464 0.03365384615384615 0.11057692307692307
5 0.31850961538461536 0.47836538461538464 0.04567307692307692 0.13701923076923078
5 0.36778846153846156 0.46875 0.021634615384615384 0.0985576923076923
5 0.40625 0.5072115384615384 0.03365384615384615 0.1466346153846154
5 0.44711538461538464 0.48197115384615385 0.026442307692307692 0.11057692307692307
5 0.5096153846153846 0.41225961538461536 0.02403846153846154 0.07692307692307693
5 0.5324519230769231 0.46875 0.03125 0.10096153846153846
5 0.6057692307692307 0.5492788461538461 0.055288461538461536 0.22596153846153846
5 0.6610576923076923 0.47475961538461536 0.028846153846153848 0.10336538461538461
5 0.7403846153846154 0.46274038461538464 0.028846153846153848 0.08413461538461539
5 0.7728365384615384 0.47475961538461536 0.038461538461538464 0.10817307692307693