5 0.2247596153846154 0.4675480769230769 0.1658653846153846 0.47115384615384615
5 0.3870192307692308 0.7668269230769231 0.21153846153846154 0.46634615384615385
5 0.44471153846153844 0.23677884615384615 0.06971153846153846 0.27163461538461536
5 0.39663461538461536 0.14903846153846154 0.04326923076923077 0.19230769230769232
5 0.36658653846153844 0.057692307692307696 0.04807692307692308 0.11538461538461539
5 0.4891826923076923 0.04447115384615385 0.036057692307692304 0.0889423076923077
5 0.5576923076923077 0.09134615384615384 0.038461538461538464 0.1346153846153846
5 0.5733173076923077 0.11057692307692307 0.03365384615384615 0.14182692307692307
5 0.6394230769230769 0.05889423076923077 0.028846153846153848 0.09615384615384616
5 0.7055288461538461 0.22956730769230768 0.06490384615384616 0.17307692307692307
5 0.7043269230769231 0.1502403846153846 0.04807692307692308 0.13942307692307693
5 0.7307692307692307 0.10817307692307693 0.02403846153846154 0.10096153846153846
5 0.7584134615384616 0.14423076923076922 0.03365384615384615 0.11538461538461539
5 0.8353365384615384 0.16826923076923078 0.040865384615384616 0.12259615384615384
5 0.8173076923076923 0.36658653846153844 0.07692307692307693 0.2956730769230769
5 0.921875 0.3076923076923077 0.06971153846153846 0.25240384615384615
5 0.9519230769230769 0.17067307692307693 0.038461538461538464 0.08173076923076923
5 0.9651442307692307 0.5877403846153846 0.06971153846153846 0.375
3 0.38341346153846156 0.6057692307692307 0.07932692307692307 0.12980769230769232
3 0.4495192307692308 0.13701923076923078 0.028846153846153848 0.0625
3 0.40384615384615385 0.06971153846153846 0.016826923076923076 0.02403846153846154
3 0.4879807692307692 0.004807692307692308 0.019230769230769232 0.009615384615384616
3 0.578125 0.06009615384615385 0.021634615384615384 0.03125
3 0.5612980769230769 0.04567307692307692 0.014423076923076924 0.028846153846153848
3 0.6430288461538461 0.02403846153846154 0.01201923076923077 0.014423076923076924
3 0.703125 0.109375 0.016826923076923076 0.03365384615384615
3 0.7163461538461539 0.15504807692307693 0.016826923076923076 0.019230769230769232
3 0.7379807692307693 0.07932692307692307 0.021634615384615384 0.026442307692307692
3 0.7548076923076923 0.0985576923076923 0.016826923076923076 0.02403846153846154
3 0.8425480769230769 0.12620192307692307 0.026442307692307692 0.036057692307692304
3 0.8305288461538461 0.24879807692307693 0.03125 0.057692307692307696
3 0.9423076923076923 0.22115384615384615 0.04567307692307692 0.055288461538461536
3 0.9567307692307693 0.1466346153846154 0.02403846153846154 0.036057692307692304