5 0.04447115384615385 0.4519230769230769 0.0889423076923077 0.2980769230769231
5 0.36899038461538464 0.5588942307692307 0.12980769230769232 0.28365384615384615
5 0.47716346153846156 0.5877403846153846 0.07692307692307693 0.27163461538461536
5 0.5252403846153846 0.6670673076923077 0.11298076923076923 0.3004807692307692
5 0.5480769230769231 0.8798076923076923 0.3004807692307692 0.2403846153846154
5 0.3737980769230769 0.7956730769230769 0.2091346153846154 0.40865384615384615
5 0.6370192307692307 0.5480769230769231 0.0625 0.21634615384615385
5 0.7512019230769231 0.6177884615384616 0.06490384615384616 0.21634615384615385
5 0.8052884615384616 0.6274038461538461 0.07211538461538461 0.22355769230769232
5 0.9158653846153846 0.7235576923076923 0.09615384615384616 0.33653846153846156
5 0.9615384615384616 0.7788461538461539 0.07451923076923077 0.23557692307692307