5 0.12620192307692307 0.4807692307692308 0.07932692307692307 0.2548076923076923
5 0.2439903846153846 0.43509615384615385 0.036057692307692304 0.15865384615384615
5 0.23317307692307693 0.3737980769230769 0.02403846153846154 0.057692307692307696
5 0.3629807692307692 0.33533653846153844 0.028846153846153848 0.10576923076923077
5 0.3918269230769231 0.4423076923076923 0.05048076923076923 0.16826923076923078
5 0.45913461538461536 0.4182692307692308 0.036057692307692304 0.14903846153846154
5 0.4855769230769231 0.43509615384615385 0.04567307692307692 0.15384615384615385
5 0.5504807692307693 0.42427884615384615 0.038461538461538464 0.14903846153846154
5 0.5829326923076923 0.5180288461538461 0.06009615384615385 0.2764423076923077
5 0.6622596153846154 0.39302884615384615 0.028846153846153848 0.10336538461538461
5 0.6033653846153846 0.3894230769230769 0.028846153846153848 0.10096153846153846
5 0.6911057692307693 0.3858173076923077 0.026442307692307692 0.10096153846153846
5 0.7295673076923077 0.39302884615384615 0.028846153846153848 0.11778846153846154
5 0.9711538461538461 0.5168269230769231 0.057692307692307696 0.28365384615384615