5 0.12139423076923077 0.6838942307692307 0.24278846153846154 0.6322115384615384
5 0.24158653846153846 0.3389423076923077 0.06490384615384616 0.15625
5 0.2932692307692308 0.43509615384615385 0.057692307692307696 0.25721153846153844
5 0.36778846153846156 0.4879807692307692 0.08173076923076923 0.32211538461538464
5 0.5072115384615384 0.7235576923076923 0.22115384615384615 0.5528846153846154
5 0.6502403846153846 0.484375 0.0625 0.19230769230769232
5 0.7800480769230769 0.5829326923076923 0.08173076923076923 0.31009615384615385
5 0.8461538461538461 0.546875 0.07211538461538461 0.24519230769230768
5 0.9567307692307693 0.6538461538461539 0.08653846153846154 0.36538461538461536
5 0.5492788461538461 0.3942307692307692 0.03365384615384615 0.0985576923076923
5 0.5925480769230769 0.37740384615384615 0.03365384615384615 0.08173076923076923
5 0.4795673076923077 0.38822115384615385 0.055288461538461536 0.12259615384615384
5 0.37259615384615385 0.28725961538461536 0.019230769230769232 0.055288461538461536
5 0.34975961538461536 0.31971153846153844 0.02403846153846154 0.08653846153846154