5 0.078125 0.46033653846153844 0.07211538461538461 0.24278846153846154
5 0.18509615384615385 0.35697115384615385 0.038461538461538464 0.0889423076923077
5 0.3581730769230769 0.42427884615384615 0.04326923076923077 0.13942307692307693
5 0.3269230769230769 0.28125 0.019230769230769232 0.052884615384615384
5 0.5204326923076923 0.45072115384615385 0.036057692307692304 0.15144230769230768
5 0.5024038461538461 0.39302884615384615 0.028846153846153848 0.04807692307692308
5 0.5925480769230769 0.4423076923076923 0.03365384615384615 0.14182692307692307
5 0.6237980769230769 0.46875 0.03125 0.13221153846153846
5 0.6466346153846154 0.46875 0.036057692307692304 0.1466346153846154
5 0.6935096153846154 0.4519230769230769 0.03125 0.13221153846153846
5 0.734375 0.5216346153846154 0.04807692307692308 0.19471153846153846
5 0.7896634615384616 0.4423076923076923 0.028846153846153848 0.12259615384615384
5 0.7848557692307693 0.39783653846153844 0.019230769230769232 0.05048076923076923
5 0.7560096153846154 0.22956730769230768 0.028846153846153848 0.0625
5 0.5132211538461539 0.19471153846153846 0.007211538461538462 0.026442307692307692
5 0.16346153846153846 0.26802884615384615 0.019230769230769232 0.03365384615384615