5 0.037259615384615384 0.18990384615384615 0.05048076923076923 0.11538461538461539
5 0.2608173076923077 0.2776442307692308 0.052884615384615384 0.18028846153846154
5 0.22115384615384615 0.09254807692307693 0.02403846153846154 0.0673076923076923
5 0.47115384615384615 0.31009615384615385 0.04807692307692308 0.1971153846153846
5 0.44711538461538464 0.23798076923076922 0.038461538461538464 0.06009615384615385
5 0.5637019230769231 0.3016826923076923 0.04326923076923077 0.18269230769230768
5 0.6045673076923077 0.33413461538461536 0.038461538461538464 0.17067307692307693
5 0.6346153846153846 0.33413461538461536 0.04567307692307692 0.18990384615384615
5 0.6947115384615384 0.3125 0.040865384615384616 0.17067307692307693
5 0.7487980769230769 0.4026442307692308 0.06009615384615385 0.25
5 0.8197115384615384 0.3016826923076923 0.038461538461538464 0.15865384615384615
5 0.8137019230769231 0.24278846153846154 0.02403846153846154 0.06490384615384616
5 0.7764423076923077 0.03245192307692308 0.038461538461538464 0.06490384615384616
5 0.010817307692307692 0.0733173076923077 0.021634615384615384 0.04326923076923077