2 0.44350961538461536 0.7752403846153846 0.21394230769230768 0.4495192307692308
2 0.5240384615384616 0.3112980769230769 0.007211538461538462 0.038461538461538464
2 0.7391826923076923 0.3125 0.009615384615384616 0.036057692307692304
2 0.5697115384615384 0.3137019230769231 0.007211538461538462 0.04326923076923077
2 0.7151442307692307 0.3137019230769231 0.009615384615384616 0.036057692307692304
2 0.515625 0.31490384615384615 0.007211538461538462 0.04326923076923077
2 0.7439903846153846 0.3161057692307692 0.009615384615384616 0.04567307692307692
2 0.6418269230769231 0.3161057692307692 0.007211538461538462 0.04567307692307692
2 0.5504807692307693 0.3161057692307692 0.007211538461538462 0.038461538461538464
2 0.6358173076923077 0.3161057692307692 0.009615384615384616 0.04567307692307692
2 0.671875 0.32091346153846156 0.014423076923076924 0.05048076923076923
2 0.3125 0.3233173076923077 0.014423076923076924 0.057692307692307696
2 0.3713942307692308 0.32572115384615385 0.01201923076923077 0.055288461538461536
2 0.4423076923076923 0.3293269230769231 0.016826923076923076 0.0625
2 0.7259615384615384 0.33052884615384615 0.01201923076923077 0.0625
2 0.35216346153846156 0.33533653846153844 0.016826923076923076 0.0673076923076923
2 0.49278846153846156 0.33533653846153844 0.019230769230769232 0.07211538461538461
2 0.8185096153846154 0.33533653846153844 0.019230769230769232 0.07211538461538461
2 0.9182692307692307 0.33653846153846156 0.014423076923076924 0.06971153846153846
2 0.8641826923076923 0.3401442307692308 0.014423076923076924 0.07451923076923077
2 0.6983173076923077 0.3401442307692308 0.019230769230769232 0.06971153846153846
2 0.5805288461538461 0.34375 0.019230769230769232 0.08413461538461539
2 0.9014423076923077 0.3545673076923077 0.02403846153846154 0.09615384615384616