2 0.48197115384615385 0.6959134615384616 0.25240384615384615 0.6081730769230769
2 0.6790865384615384 0.21033653846153846 0.014423076923076924 0.08413461538461539
2 0.5168269230769231 0.21754807692307693 0.016826923076923076 0.07451923076923077
2 0.8449519230769231 0.22956730769230768 0.02403846153846154 0.0889423076923077
2 0.5673076923076923 0.23557692307692307 0.02403846153846154 0.10096153846153846
2 0.6995192307692307 0.23918269230769232 0.02403846153846154 0.10096153846153846
2 0.6622596153846154 0.24519230769230768 0.019230769230769232 0.10336538461538461
2 0.6550480769230769 0.2668269230769231 0.038461538461538464 0.13701923076923078
2 0.25240384615384615 0.3173076923076923 0.05048076923076923 0.21875
2 0.8605769230769231 0.49759615384615385 0.13221153846153846 0.4639423076923077
2 0.5649038461538461 0.5709134615384616 0.12980769230769232 0.5817307692307693