2 0.4411057692307692 0.7487980769230769 0.17067307692307693 0.5024038461538461
2 0.30528846153846156 0.30408653846153844 0.004807692307692308 0.014423076923076924
2 0.14783653846153846 0.31490384615384615 0.009615384615384616 0.036057692307692304
2 0.17067307692307693 0.3161057692307692 0.009615384615384616 0.036057692307692304
2 0.15865384615384615 0.3173076923076923 0.009615384615384616 0.036057692307692304
2 0.06610576923076923 0.31971153846153844 0.009615384615384616 0.036057692307692304
2 0.07211538461538461 0.32091346153846156 0.009615384615384616 0.036057692307692304
2 0.09975961538461539 0.3245192307692308 0.01201923076923077 0.038461538461538464
2 0.2824519230769231 0.32572115384615385 0.009615384615384616 0.04567307692307692
2 0.14182692307692307 0.3293269230769231 0.016826923076923076 0.04807692307692308
2 0.21394230769230768 0.3293269230769231 0.014423076923076924 0.04807692307692308
2 0.2403846153846154 0.33052884615384615 0.01201923076923077 0.052884615384615384
2 0.2536057692307692 0.33653846153846156 0.016826923076923076 0.0625
2 0.08533653846153846 0.3401442307692308 0.019230769230769232 0.0625