2 0.4735576923076923 0.7932692307692307 0.20673076923076922 0.41346153846153844
2 0.6057692307692307 0.46875 0.01201923076923077 0.040865384615384616
2 0.515625 0.49399038461538464 0.014423076923076924 0.057692307692307696
2 0.7271634615384616 0.4987980769230769 0.019230769230769232 0.06009615384615385
2 0.2439903846153846 0.5012019230769231 0.026442307692307692 0.07211538461538461
2 0.6694711538461539 0.5036057692307693 0.014423076923076924 0.0673076923076923
2 0.7463942307692307 0.5048076923076923 0.021634615384615384 0.06971153846153846
2 0.5817307692307693 0.5060096153846154 0.019230769230769232 0.0673076923076923
2 0.5396634615384616 0.5072115384615384 0.021634615384615384 0.06490384615384616
2 0.296875 0.5096153846153846 0.021634615384615384 0.08173076923076923
2 0.8052884615384616 0.5144230769230769 0.021634615384615384 0.08413461538461539
2 0.8245192307692307 0.515625 0.02403846153846154 0.08173076923076923
2 0.15865384615384615 0.5204326923076923 0.028846153846153848 0.09615384615384616
2 0.28966346153846156 0.5228365384615384 0.021634615384615384 0.0889423076923077
2 0.7728365384615384 0.53125 0.028846153846153848 0.10096153846153846
2 0.20552884615384615 0.5384615384615384 0.028846153846153848 0.11778846153846154
2 0.625 0.5685096153846154 0.03365384615384615 0.14182692307692307
2 0.04567307692307692 0.5805288461538461 0.040865384615384616 0.16826923076923078
2 0.65625 0.6274038461538461 0.052884615384615384 0.19951923076923078
2 0.5973557692307693 0.6766826923076923 0.06009615384615385 0.25961538461538464
2 0.9723557692307693 0.6947115384615384 0.055288461538461536 0.25721153846153844