2 0.41947115384615385 0.765625 0.2091346153846154 0.46875
2 0.5805288461538461 0.38221153846153844 0.01201923076923077 0.06971153846153846
2 0.44711538461538464 0.3894230769230769 0.014423076923076924 0.06009615384615385
2 0.7163461538461539 0.39903846153846156 0.021634615384615384 0.07451923076923077
2 0.4891826923076923 0.4026442307692308 0.019230769230769232 0.08173076923076923
2 0.5973557692307693 0.4074519230769231 0.019230769230769232 0.08413461538461539
2 0.5673076923076923 0.4110576923076923 0.016826923076923076 0.08653846153846154
2 0.9831730769230769 0.42427884615384615 0.026442307692307692 0.11778846153846154
2 0.5612980769230769 0.42908653846153844 0.028846153846153848 0.11298076923076923
2 0.23076923076923078 0.47115384615384615 0.040865384615384616 0.18028846153846154
2 0.7307692307692307 0.6189903846153846 0.10576923076923077 0.38221153846153844
2 0.48677884615384615 0.6790865384615384 0.10576923076923077 0.47596153846153844