2 0.5108173076923077 0.7800480769230769 0.2283653846153846 0.43990384615384615
2 0.5697115384615384 0.3293269230769231 0.007211538461538462 0.02403846153846154
2 0.8245192307692307 0.34134615384615385 0.009615384615384616 0.04326923076923077
2 0.6009615384615384 0.34134615384615385 0.007211538461538462 0.040865384615384616
2 0.6454326923076923 0.3425480769230769 0.01201923076923077 0.04326923076923077
2 0.7920673076923077 0.3425480769230769 0.01201923076923077 0.038461538461538464
2 0.8112980769230769 0.34375 0.007211538461538462 0.04567307692307692
2 0.71875 0.3449519230769231 0.007211538461538462 0.04567307692307692
2 0.7127403846153846 0.3449519230769231 0.01201923076923077 0.04807692307692308
2 0.59375 0.3449519230769231 0.009615384615384616 0.04567307692307692
2 0.6262019230769231 0.3449519230769231 0.007211538461538462 0.04326923076923077
2 0.7536057692307693 0.3485576923076923 0.01201923076923077 0.052884615384615384
2 0.3858173076923077 0.35216346153846156 0.014423076923076924 0.06009615384615385
2 0.44711538461538464 0.3557692307692308 0.014423076923076924 0.06009615384615385
2 0.8197115384615384 0.35697115384615385 0.019230769230769232 0.07211538461538461
2 0.5216346153846154 0.359375 0.019230769230769232 0.0673076923076923
2 0.42908653846153844 0.3641826923076923 0.016826923076923076 0.07211538461538461
2 0.9194711538461539 0.36538461538461536 0.02403846153846154 0.07211538461538461
2 0.5757211538461539 0.36658653846153844 0.019230769230769232 0.07451923076923077
2 0.6754807692307693 0.375 0.021634615384615384 0.09134615384615384
2 0.9735576923076923 0.37740384615384615 0.019230769230769232 0.0889423076923077