2 0.5997596153846154 0.6850961538461539 0.25961538461538464 0.6298076923076923
2 0.8810096153846154 0.1935096153846154 0.01201923076923077 0.055288461538461536
2 0.37740384615384615 0.20072115384615385 0.021634615384615384 0.07692307692307693
2 0.7524038461538461 0.20192307692307693 0.016826923076923076 0.055288461538461536
2 0.8076923076923077 0.20673076923076922 0.019230769230769232 0.06971153846153846
2 0.7175480769230769 0.20673076923076922 0.016826923076923076 0.06490384615384616
2 0.8894230769230769 0.20673076923076922 0.019230769230769232 0.06490384615384616
2 0.671875 0.2091346153846154 0.016826923076923076 0.07451923076923077
2 0.9447115384615384 0.21514423076923078 0.016826923076923076 0.08413461538461539
2 0.9675480769230769 0.21514423076923078 0.028846153846153848 0.08653846153846154
2 0.2956730769230769 0.21995192307692307 0.026442307692307692 0.09375
2 0.42788461538461536 0.22115384615384615 0.02403846153846154 0.09134615384615384
2 0.9086538461538461 0.23197115384615385 0.028846153846153848 0.09615384615384616
2 0.3485576923076923 0.23317307692307693 0.02403846153846154 0.11538461538461539
2 0.21153846153846154 0.24759615384615385 0.026442307692307692 0.125
2 0.7524038461538461 0.2644230769230769 0.03125 0.12259615384615384
2 0.7704326923076923 0.3016826923076923 0.05048076923076923 0.17548076923076922
2 0.7115384615384616 0.3245192307692308 0.05048076923076923 0.21634615384615385
2 0.2127403846153846 0.39903846153846156 0.07932692307692307 0.31971153846153844