2 0.47475961538461536 0.6899038461538461 0.25961538461538464 0.6201923076923077
2 0.18990384615384615 0.18990384615384615 0.026442307692307692 0.12259615384615384
2 0.296875 0.20192307692307693 0.03125 0.13942307692307693
2 0.1045673076923077 0.20552884615384615 0.038461538461538464 0.14423076923076922
2 0.8149038461538461 0.22355769230769232 0.036057692307692304 0.1658653846153846
2 0.3245192307692308 0.2247596153846154 0.04567307692307692 0.16105769230769232
2 0.2776442307692308 0.2283653846153846 0.028846153846153848 0.17307692307692307
2 0.8786057692307693 0.23076923076923078 0.038461538461538464 0.1778846153846154
2 0.6514423076923077 0.25841346153846156 0.03365384615384615 0.2283653846153846
2 0.5877403846153846 0.25841346153846156 0.04807692307692308 0.22115384615384615
2 0.35697115384615385 0.35336538461538464 0.07451923076923077 0.31490384615384615