2 0.20673076923076922 0.78125 0.2980769230769231 0.4375
2 0.5288461538461539 0.359375 0.014423076923076924 0.0625
2 0.38221153846153844 0.36899038461538464 0.016826923076923076 0.0625
2 0.44591346153846156 0.375 0.021634615384615384 0.08173076923076923
2 0.34134615384615385 0.375 0.019230769230769232 0.07692307692307693
2 0.5384615384615384 0.375 0.021634615384615384 0.07692307692307693
2 0.28966346153846156 0.37740384615384615 0.019230769230769232 0.08413461538461539
2 0.6033653846153846 0.38461538461538464 0.019230769230769232 0.09615384615384616
2 0.6286057692307693 0.38461538461538464 0.03365384615384615 0.10096153846153846
2 0.9675480769230769 0.38822115384615385 0.028846153846153848 0.10096153846153846
2 0.9110576923076923 0.38822115384615385 0.028846153846153848 0.11298076923076923
2 0.010817307692307692 0.3894230769230769 0.021634615384615384 0.10576923076923077
2 0.8401442307692307 0.3942307692307692 0.026442307692307692 0.10817307692307693
2 0.8737980769230769 0.39663461538461536 0.021634615384615384 0.11538461538461539
2 0.5612980769230769 0.40384615384615385 0.03125 0.10817307692307693
2 0.38221153846153844 0.4411057692307692 0.036057692307692304 0.13942307692307693
2 0.4026442307692308 0.484375 0.057692307692307696 0.19951923076923078
2 0.33533653846153844 0.5096153846153846 0.057692307692307696 0.24759615384615385
2 0.7055288461538461 0.5288461538461539 0.08413461538461539 0.25961538461538464