2 0.453125 0.7848557692307693 0.19951923076923078 0.43028846153846156
2 0.7199519230769231 0.33653846153846156 0.004807692307692308 0.028846153846153848
2 0.5769230769230769 0.33653846153846156 0.01201923076923077 0.028846153846153848
2 0.5336538461538461 0.33774038461538464 0.002403846153846154 0.03125
2 0.5408653846153846 0.3389423076923077 0.007211538461538462 0.03365384615384615
2 0.6983173076923077 0.3389423076923077 0.007211538461538462 0.03365384615384615
2 0.5372596153846154 0.3389423076923077 0.007211538461538462 0.03365384615384615
2 0.6382211538461539 0.3401442307692308 0.007211538461538462 0.038461538461538464
2 0.7235576923076923 0.3401442307692308 0.007211538461538462 0.036057692307692304
2 0.6334134615384616 0.3401442307692308 0.007211538461538462 0.038461538461538464
2 0.5612980769230769 0.34134615384615385 0.007211538461538462 0.03365384615384615
2 0.6634615384615384 0.3449519230769231 0.01201923076923077 0.040865384615384616
2 0.3713942307692308 0.3473557692307692 0.01201923076923077 0.05048076923076923
2 0.4206730769230769 0.34975961538461536 0.009615384615384616 0.04567307692307692
2 0.4795673076923077 0.35216346153846156 0.014423076923076924 0.052884615384615384
2 0.7127403846153846 0.35336538461538464 0.01201923076923077 0.052884615384615384
2 0.5793269230769231 0.3545673076923077 0.014423076923076924 0.04807692307692308
2 0.40865384615384615 0.3545673076923077 0.01201923076923077 0.055288461538461536
2 0.5228365384615384 0.3557692307692308 0.014423076923076924 0.06009615384615385
2 0.7860576923076923 0.35697115384615385 0.016826923076923076 0.055288461538461536
2 0.8677884615384616 0.35697115384615385 0.01201923076923077 0.052884615384615384
2 0.8233173076923077 0.359375 0.009615384615384616 0.06009615384615385
2 0.5973557692307693 0.36177884615384615 0.014423076923076924 0.0673076923076923
2 0.8509615384615384 0.36899038461538464 0.021634615384615384 0.06971153846153846