2 0.4951923076923077 0.8365384615384616 0.23317307692307693 0.3269230769230769
2 0.31009615384615385 0.40865384615384615 0.007211538461538462 0.019230769230769232
2 0.09735576923076923 0.4254807692307692 0.014423076923076924 0.04807692307692308
2 0.12740384615384615 0.4254807692307692 0.01201923076923077 0.04807692307692308
2 0.11177884615384616 0.42788461538461536 0.014423076923076924 0.04807692307692308
2 0.03125 0.4375 0.016826923076923076 0.05048076923076923
2 0.27884615384615385 0.43990384615384615 0.014423076923076924 0.0625
2 0.0889423076923077 0.44350961538461536 0.021634615384615384 0.06490384615384616
2 0.18509615384615385 0.44471153846153844 0.019230769230769232 0.0673076923076923
2 0.22115384615384615 0.44471153846153844 0.016826923076923076 0.06971153846153846
2 0.2403846153846154 0.4543269230769231 0.02403846153846154 0.08653846153846154
2 0.01201923076923077 0.4579326923076923 0.02403846153846154 0.08653846153846154