2 0.4170673076923077 0.7415865384615384 0.23557692307692307 0.5168269230769231
2 0.7295673076923077 0.2091346153846154 0.007211538461538462 0.036057692307692304
2 0.5625 0.21033653846153846 0.01201923076923077 0.036057692307692304
2 0.5120192307692307 0.21033653846153846 0.004807692307692308 0.038461538461538464
2 0.5204326923076923 0.21153846153846154 0.007211538461538462 0.040865384615384616
2 0.7055288461538461 0.21153846153846154 0.009615384615384616 0.038461538461538464
2 0.515625 0.2127403846153846 0.007211538461538462 0.038461538461538464
2 0.6334134615384616 0.21394230769230768 0.007211538461538462 0.04326923076923077
2 0.734375 0.21394230769230768 0.009615384615384616 0.040865384615384616
2 0.6286057692307693 0.21394230769230768 0.007211538461538462 0.04326923076923077
2 0.5444711538461539 0.21394230769230768 0.009615384615384616 0.038461538461538464
2 0.6646634615384616 0.21875 0.01201923076923077 0.04807692307692308
2 0.31971153846153844 0.22115384615384615 0.014423076923076924 0.06009615384615385
2 0.37740384615384615 0.22355769230769232 0.01201923076923077 0.052884615384615384
2 0.44711538461538464 0.22716346153846154 0.016826923076923076 0.06009615384615385
2 0.7223557692307693 0.2283653846153846 0.01201923076923077 0.0625
2 0.5649038461538461 0.22956730769230768 0.016826923076923076 0.055288461538461536
2 0.36538461538461536 0.23076923076923078 0.014423076923076924 0.06490384615384616
2 0.4987980769230769 0.23197115384615385 0.016826923076923076 0.07211538461538461
2 0.8088942307692307 0.23317307692307693 0.019230769230769232 0.06490384615384616
2 0.9038461538461539 0.23317307692307693 0.014423076923076924 0.06009615384615385
2 0.8521634615384616 0.23557692307692307 0.01201923076923077 0.06971153846153846
2 0.5853365384615384 0.23918269230769232 0.016826923076923076 0.07932692307692307
2 0.8846153846153846 0.24759615384615385 0.02403846153846154 0.08173076923076923