2 0.33413461538461536 0.7331730769230769 0.21153846153846154 0.5336538461538461
2 0.12980769230769232 0.2980769230769231 0.01201923076923077 0.052884615384615384
2 0.14783653846153846 0.2980769230769231 0.014423076923076924 0.057692307692307696
2 0.0829326923076923 0.3004807692307692 0.019230769230769232 0.06009615384615385
2 0.4362980769230769 0.3016826923076923 0.016826923076923076 0.06971153846153846
2 0.4074519230769231 0.30288461538461536 0.016826923076923076 0.07211538461538461
2 0.06971153846153846 0.30288461538461536 0.01201923076923077 0.0625
2 0.0625 0.30528846153846156 0.014423076923076924 0.06971153846153846
2 0.19230769230769232 0.30649038461538464 0.014423076923076924 0.07692307692307693
2 0.375 0.30649038461538464 0.016826923076923076 0.08413461538461539
2 0.2127403846153846 0.3076923076923077 0.019230769230769232 0.07211538461538461
2 0.35216346153846156 0.3088942307692308 0.019230769230769232 0.08413461538461539
2 0.140625 0.3088942307692308 0.019230769230769232 0.06971153846153846
2 0.9399038461538461 0.31490384615384615 0.019230769230769232 0.08653846153846154
2 0.15144230769230768 0.4110576923076923 0.06490384615384616 0.22115384615384615