2 0.6045673076923077 0.8461538461538461 0.25240384615384615 0.3076923076923077
2 0.328125 0.5072115384615384 0.02403846153846154 0.1201923076923077
2 0.4326923076923077 0.5180288461538461 0.028846153846153848 0.1346153846153846
2 0.2439903846153846 0.5228365384615384 0.038461538461538464 0.14182692307692307
2 0.018028846153846152 0.5300480769230769 0.036057692307692304 0.16346153846153846
2 0.9387019230769231 0.5396634615384616 0.03365384615384615 0.16346153846153846
2 0.45913461538461536 0.5420673076923077 0.04326923076923077 0.15865384615384615
2 0.41346153846153844 0.5444711538461539 0.028846153846153848 0.17067307692307693
2 0.9903846153846154 0.546875 0.019230769230769232 0.17307692307692307
2 0.7800480769230769 0.5733173076923077 0.03365384615384615 0.22115384615384615
2 0.7175480769230769 0.5745192307692307 0.04807692307692308 0.21875
2 0.1045673076923077 0.5973557692307693 0.09375 0.24278846153846154
2 0.49038461538461536 0.6670673076923077 0.07211538461538461 0.3076923076923077