2 0.44350961538461536 0.7596153846153846 0.1971153846153846 0.4807692307692308
2 0.25240384615384615 0.36177884615384615 0.01201923076923077 0.04807692307692308
2 0.2692307692307692 0.36177884615384615 0.014423076923076924 0.052884615384615384
2 0.20793269230769232 0.3641826923076923 0.016826923076923076 0.055288461538461536
2 0.5372596153846154 0.36538461538461536 0.016826923076923076 0.06490384615384616
2 0.5108173076923077 0.36538461538461536 0.016826923076923076 0.0673076923076923
2 0.19591346153846154 0.36658653846153844 0.01201923076923077 0.06009615384615385
2 0.18870192307692307 0.36899038461538464 0.014423076923076924 0.06490384615384616
2 0.31009615384615385 0.36899038461538464 0.014423076923076924 0.07211538461538461
2 0.4807692307692308 0.3701923076923077 0.016826923076923076 0.07932692307692307
2 0.3293269230769231 0.3701923076923077 0.016826923076923076 0.0673076923076923
2 0.46033653846153844 0.3713942307692308 0.016826923076923076 0.07932692307692307
2 0.2620192307692308 0.37259615384615385 0.019230769230769232 0.06490384615384616
2 0.08533653846153846 0.3737980769230769 0.016826923076923076 0.0625
2 0.02403846153846154 0.3786057692307692 0.028846153846153848 0.07451923076923077
2 0.05889423076923077 0.4206730769230769 0.05048076923076923 0.13701923076923078
2 0.027644230769230768 0.4543269230769231 0.055288461538461536 0.18990384615384615
2 0.27163461538461536 0.46634615384615385 0.06009615384615385 0.20673076923076922