2 0.59375 0.7295673076923077 0.25240384615384615 0.5408653846153846
2 0.6574519230769231 0.20432692307692307 0.007211538461538462 0.026442307692307692
2 0.9375 0.21754807692307693 0.01201923076923077 0.04807692307692308
2 0.6923076923076923 0.21754807692307693 0.007211538461538462 0.04567307692307692
2 0.7403846153846154 0.21875 0.01201923076923077 0.04807692307692308
2 0.9014423076923077 0.21875 0.01201923076923077 0.04326923076923077
2 0.9230769230769231 0.21995192307692307 0.007211538461538462 0.05048076923076923
2 0.8221153846153846 0.22115384615384615 0.007211538461538462 0.05048076923076923
2 0.8149038461538461 0.22115384615384615 0.01201923076923077 0.052884615384615384
2 0.6838942307692307 0.22115384615384615 0.01201923076923077 0.05048076923076923
2 0.7199519230769231 0.22235576923076922 0.007211538461538462 0.04807692307692308
2 0.859375 0.22596153846153846 0.016826923076923076 0.057692307692307696
2 0.4543269230769231 0.22956730769230768 0.016826923076923076 0.0673076923076923
2 0.5228365384615384 0.23317307692307693 0.014423076923076924 0.0673076923076923
2 0.9326923076923077 0.234375 0.021634615384615384 0.07932692307692307
2 0.6045673076923077 0.23798076923076922 0.021634615384615384 0.07451923076923077
2 0.5024038461538461 0.24278846153846154 0.019230769230769232 0.07932692307692307
2 0.6646634615384616 0.24519230769230768 0.021634615384615384 0.08173076923076923
2 0.7740384615384616 0.2548076923076923 0.02403846153846154 0.10096153846153846