2 0.46875 0.7596153846153846 0.2403846153846154 0.4807692307692308
2 0.5096153846153846 0.2439903846153846 0.007211538461538462 0.021634615384615384
2 0.7536057692307693 0.25721153846153844 0.007211538461538462 0.036057692307692304
2 0.7319711538461539 0.25721153846153844 0.007211538461538462 0.036057692307692304
2 0.5552884615384616 0.25841346153846156 0.007211538461538462 0.038461538461538464
2 0.5480769230769231 0.25961538461538464 0.007211538461538462 0.038461538461538464
2 0.5961538461538461 0.25961538461538464 0.01201923076923077 0.040865384615384616
2 0.5769230769230769 0.2608173076923077 0.01201923076923077 0.038461538461538464
2 0.6634615384615384 0.2620192307692308 0.009615384615384616 0.040865384615384616
2 0.7451923076923077 0.2620192307692308 0.009615384615384616 0.038461538461538464
2 0.65625 0.2620192307692308 0.014423076923076924 0.038461538461538464
2 0.7584134615384616 0.2620192307692308 0.009615384615384616 0.038461538461538464
2 0.6899038461538461 0.26802884615384615 0.014423076923076924 0.040865384615384616
2 0.36778846153846156 0.26802884615384615 0.014423076923076924 0.052884615384615384
2 0.421875 0.27163461538461536 0.009615384615384616 0.05048076923076923
2 0.48677884615384615 0.27524038461538464 0.016826923076923076 0.055288461538461536
2 0.7391826923076923 0.2764423076923077 0.019230769230769232 0.057692307692307696
2 0.53125 0.2764423076923077 0.019230769230769232 0.057692307692307696
2 0.4098557692307692 0.27884615384615385 0.014423076923076924 0.06009615384615385
2 0.8185096153846154 0.2800480769230769 0.016826923076923076 0.057692307692307696
2 0.5336538461538461 0.2800480769230769 0.016826923076923076 0.06490384615384616
2 0.9050480769230769 0.2824519230769231 0.01201923076923077 0.057692307692307696
2 0.8557692307692307 0.28365384615384615 0.009615384615384616 0.0673076923076923
2 0.6117788461538461 0.28725961538461536 0.016826923076923076 0.07211538461538461
2 0.8798076923076923 0.296875 0.02403846153846154 0.07692307692307693