2 0.42908653846153844 0.7860576923076923 0.21153846153846154 0.42788461538461536
2 0.5949519230769231 0.4182692307692308 0.01201923076923077 0.07211538461538461
2 0.4579326923076923 0.4254807692307692 0.014423076923076924 0.06009615384615385
2 0.734375 0.43509615384615385 0.021634615384615384 0.07451923076923077
2 0.5 0.43990384615384615 0.019230769230769232 0.08413461538461539
2 0.6117788461538461 0.44350961538461536 0.021634615384615384 0.08653846153846154
2 0.5817307692307693 0.4483173076923077 0.016826923076923076 0.0889423076923077
2 0.9963942307692307 0.46153846153846156 0.007211538461538462 0.1201923076923077
2 0.5745192307692307 0.46634615384615385 0.03125 0.11538461538461539
2 0.23557692307692307 0.5096153846153846 0.04326923076923077 0.18509615384615385
2 0.7475961538461539 0.6610576923076923 0.11057692307692307 0.3918269230769231
2 0.4987980769230769 0.7223557692307693 0.10817307692307693 0.4879807692307692