2 0.4567307692307692 0.7548076923076923 0.20192307692307693 0.49038461538461536
2 0.6778846153846154 0.37259615384615385 0.009615384615384616 0.04326923076923077
2 0.28365384615384615 0.3786057692307692 0.016826923076923076 0.06009615384615385
2 0.578125 0.3786057692307692 0.01201923076923077 0.04326923076923077
2 0.6213942307692307 0.38221153846153844 0.014423076923076924 0.055288461538461536
2 0.5504807692307693 0.38341346153846156 0.01201923076923077 0.052884615384615384
2 0.6850961538461539 0.38341346153846156 0.014423076923076924 0.052884615384615384
2 0.5144230769230769 0.38461538461538464 0.01201923076923077 0.057692307692307696
2 0.7283653846153846 0.3894230769230769 0.01201923076923077 0.0673076923076923
2 0.7463942307692307 0.3894230769230769 0.021634615384615384 0.0673076923076923
2 0.9771634615384616 0.3918269230769231 0.019230769230769232 0.06971153846153846
2 0.9387019230769231 0.3918269230769231 0.019230769230769232 0.07692307692307693
2 0.21995192307692307 0.39302884615384615 0.021634615384615384 0.07451923076923077
2 0.3233173076923077 0.3942307692307692 0.019230769230769232 0.07211538461538461
2 0.890625 0.3954326923076923 0.019230769230769232 0.07451923076923077
2 0.9134615384615384 0.39783653846153844 0.014423076923076924 0.07932692307692307
2 0.6995192307692307 0.4026442307692308 0.021634615384615384 0.07451923076923077
2 0.2620192307692308 0.40384615384615385 0.019230769230769232 0.09134615384615384
2 0.15384615384615385 0.41466346153846156 0.019230769230769232 0.0985576923076923
2 0.578125 0.42788461538461536 0.026442307692307692 0.09615384615384616
2 0.5925480769230769 0.4567307692307692 0.038461538461538464 0.13701923076923078
2 0.5456730769230769 0.47475961538461536 0.038461538461538464 0.17067307692307693
2 0.7980769230769231 0.4879807692307692 0.057692307692307696 0.1778846153846154
2 0.15504807692307693 0.5336538461538461 0.0625 0.25240384615384615