2 0.33653846153846156 0.8305288461538461 0.24759615384615385 0.3389423076923077
2 0.8990384615384616 0.4098557692307692 0.009615384615384616 0.03125
2 0.39903846153846156 0.4110576923076923 0.007211538461538462 0.026442307692307692
2 0.6742788461538461 0.42427884615384615 0.01201923076923077 0.04807692307692308
2 0.4326923076923077 0.42427884615384615 0.007211538461538462 0.04567307692307692
2 0.4807692307692308 0.4254807692307692 0.01201923076923077 0.04807692307692308
2 0.6394230769230769 0.4254807692307692 0.01201923076923077 0.04326923076923077
2 0.6610576923076923 0.4266826923076923 0.009615384615384616 0.04807692307692308
2 0.5612980769230769 0.42788461538461536 0.007211538461538462 0.05048076923076923
2 0.5540865384615384 0.42788461538461536 0.01201923076923077 0.05048076923076923
2 0.4254807692307692 0.42788461538461536 0.01201923076923077 0.05048076923076923
2 0.46153846153846156 0.42908653846153844 0.009615384615384616 0.04567307692307692
2 0.5985576923076923 0.4326923076923077 0.014423076923076924 0.055288461538461536
2 0.20072115384615385 0.4362980769230769 0.016826923076923076 0.0673076923076923
2 0.2668269230769231 0.43990384615384615 0.014423076923076924 0.06490384615384616
2 0.6706730769230769 0.4411057692307692 0.021634615384615384 0.07692307692307693
2 0.3473557692307692 0.44350961538461536 0.021634615384615384 0.07211538461538461
2 0.24759615384615385 0.4495192307692308 0.019230769230769232 0.07932692307692307
2 0.7776442307692307 0.45072115384615385 0.02403846153846154 0.07932692307692307
2 0.40625 0.45072115384615385 0.021634615384615384 0.08173076923076923
2 0.5144230769230769 0.46033653846153844 0.02403846153846154 0.0985576923076923
2 0.8365384615384616 0.4639423076923077 0.021634615384615384 0.09615384615384616
2 0.8954326923076923 0.47836538461538464 0.03125 0.10576923076923077