6 0.7084635416666667 0.35138888888888886 0.024739583333333332 0.08981481481481482
7 0.7106770833333333 0.31504629629629627 0.0078125 0.016203703703703703
8 0.506640625 0.2861111111111111 0.00703125 0.025925925925925925
6 0.7216145833333333 0.3326388888888889 0.011979166666666667 0.038425925925925926
7 0.7178385416666667 0.3194444444444444 0.004427083333333333 0.012037037037037037
6 0.7958333333333333 0.3337962962962963 0.0203125 0.04351851851851852
7 0.7967447916666667 0.31666666666666665 0.005989583333333334 0.008333333333333333
6 0.8704427083333334 0.33217592592592593 0.012760416666666666 0.04583333333333333
7 0.8708333333333333 0.3148148148148148 0.005729166666666666 0.010185185185185186
6 0.5473958333333333 0.34421296296296294 0.016145833333333335 0.05694444444444444
6 0.5751302083333333 0.3474537037037037 0.01953125 0.07824074074074074
7 0.5770833333333333 0.3162037037037037 0.007291666666666667 0.012962962962962963