8 0.419140625 0.5243055555555556 0.02578125 0.11342592592592593
6 0.48880208333333336 0.5337962962962963 0.027083333333333334 0.12129629629629629
6 0.5477864583333333 0.5108796296296296 0.02265625 0.08287037037037037
6 0.6736979166666667 0.5194444444444445 0.03958333333333333 0.08055555555555556
6 0.8967447916666667 0.5365740740740741 0.046614583333333334 0.1425925925925926
6 0.9567708333333333 0.6090277777777777 0.08489583333333334 0.13194444444444445
7 0.905078125 0.47800925925925924 0.01640625 0.022685185185185187
7 0.6872395833333333 0.48935185185185187 0.011979166666666667 0.019444444444444445
7 0.49049479166666665 0.4840277777777778 0.009635416666666667 0.020833333333333332
7 0.5479166666666667 0.47685185185185186 0.007291666666666667 0.013888888888888888
7 0.9276041666666667 0.5611111111111111 0.026041666666666668 0.03518518518518519