6 0.9145833333333333 0.5840277777777778 0.058854166666666666 0.1912037037037037
6 0.563671875 0.531712962962963 0.01796875 0.06898148148148148
6 0.34296875 0.5152777777777777 0.007291666666666667 0.03518518518518519
6 0.046875 0.5224537037037037 0.01875 0.05787037037037037
7 0.9265625 0.5074074074074074 0.021354166666666667 0.03518518518518519
7 0.5680989583333333 0.5041666666666667 0.00546875 0.012962962962962963
7 0.04739583333333333 0.5016203703703703 0.007291666666666667 0.014351851851851852
7 0.31692708333333336 0.5 0.0046875 0.008333333333333333
8 0.5243489583333333 0.5210648148148148 0.016927083333333332 0.05416666666666667
8 0.08580729166666666 0.5293981481481481 0.02109375 0.0837962962962963
6 0.3829427083333333 0.5145833333333333 0.014322916666666666 0.03935185185185185
6 0.48684895833333336 0.5351851851851852 0.01953125 0.06481481481481481
6 0.549609375 0.51875 0.01171875 0.04490740740740741
6 0.6076822916666667 0.5201388888888889 0.01171875 0.04861111111111111
7 0.6045572916666667 0.5002314814814814 0.00390625 0.008796296296296297
8 0.7153645833333333 0.5208333333333334 0.013541666666666667 0.05462962962962963
6 0.3143229166666667 0.5196759259259259 0.010416666666666666 0.047685185185185185
7 0.3438802083333333 0.5002314814814814 0.00234375 0.005092592592592593
7 0.38502604166666665 0.4997685185185185 0.00390625 0.009722222222222222