6 0.9575520833333333 0.549537037037037 0.03697916666666667 0.11481481481481481
6 0.48580729166666664 0.5293981481481481 0.017447916666666667 0.06805555555555555
6 0.20989583333333334 0.5493055555555556 0.025 0.11064814814814815
6 0.3145833333333333 0.5199074074074074 0.009375 0.04814814814814815
7 0.95703125 0.5032407407407408 0.009375 0.020370370370370372
7 0.21276041666666667 0.5013888888888889 0.008333333333333333 0.013888888888888888
7 0.48580729166666664 0.500462962962963 0.0049479166666666664 0.010185185185185186
8 0.40651041666666665 0.5321759259259259 0.016145833333333335 0.0763888888888889
7 0.3171875 0.5 0.004166666666666667 0.008333333333333333
6 0.3263020833333333 0.5108796296296296 0.007291666666666667 0.02546296296296296
7 0.326953125 0.500462962962963 0.00234375 0.004629629629629629
6 0.34296875 0.5150462962962963 0.007291666666666667 0.034722222222222224
7 0.3438802083333333 0.5002314814814814 0.00234375 0.005092592592592593
7 0.40338541666666666 0.5006944444444444 0.00625 0.013425925925925926
6 0.391796875 0.5092592592592593 0.005989583333333334 0.024074074074074074
7 0.390234375 0.5 0.0018229166666666667 0.005555555555555556
8 0.43359375 0.5074074074074074 0.008854166666666666 0.05092592592592592
8 0.526171875 0.5210648148148148 0.012760416666666666 0.05324074074074074
6 0.549609375 0.5189814814814815 0.011197916666666667 0.04537037037037037
6 0.5631510416666666 0.530787037037037 0.016927083333333332 0.07268518518518519
6 0.6076822916666667 0.5203703703703704 0.011197916666666667 0.05
6 0.6546875 0.544212962962963 0.020833333333333332 0.10231481481481482
6 0.9143229166666667 0.5842592592592593 0.06458333333333334 0.19166666666666668
6 0.9875 0.5472222222222223 0.024479166666666666 0.10925925925925926
7 0.9194010416666667 0.5043981481481481 0.01953125 0.03194444444444444
7 0.9907552083333333 0.5016203703703703 0.01640625 0.01898148148148148
7 0.6506510416666667 0.5023148148148148 0.007552083333333333 0.018518518518518517
7 0.6049479166666667 0.5002314814814814 0.0046875 0.009722222222222222
7 0.5649739583333333 0.5011574074074074 0.00546875 0.013425925925925926
7 0.54921875 0.5009259259259259 0.004166666666666667 0.009259259259259259