6 0.5963541666666666 0.49537037037037035 0.016666666666666666 0.08703703703703704
6 0.32890625 0.4775462962962963 0.014583333333333334 0.04675925925925926
7 0.808984375 0.4798611111111111 0.012239583333333333 0.01990740740740741
7 0.49856770833333336 0.45578703703703705 0.01328125 0.02175925925925926
7 0.32838541666666665 0.45925925925925926 0.00625 0.010185185185185186
8 0.2713541666666667 0.4525462962962963 0.057291666666666664 0.22083333333333333
8 0.4295572916666667 0.49537037037037035 0.02890625 0.125
7 0.597265625 0.4675925925925926 0.005989583333333334 0.012962962962962963
7 0.5946614583333333 0.4530092592592593 0.0033854166666666668 0.006944444444444444
7 0.631640625 0.4613425925925926 0.004427083333333333 0.009722222222222222
6 0.6299479166666667 0.48657407407407405 0.011979166666666667 0.06018518518518518
6 0.680078125 0.5013888888888889 0.02265625 0.0824074074074074
6 0.70859375 0.4914351851851852 0.01875 0.06805555555555555
7 0.681640625 0.4675925925925926 0.008072916666666667 0.014814814814814815
7 0.7115885416666666 0.46319444444444446 0.006510416666666667 0.011574074074074073
6 0.8044270833333333 0.524074074074074 0.030729166666666665 0.10833333333333334
6 0.843359375 0.5180555555555556 0.029947916666666668 0.11296296296296296
7 0.843359375 0.47129629629629627 0.009635416666666667 0.019444444444444445