6 0.5829427083333333 0.42291666666666666 0.008072916666666667 0.0375
6 0.37135416666666665 0.41967592592592595 0.008854166666666666 0.029166666666666667
7 0.6046875 0.40671296296296294 0.0036458333333333334 0.006944444444444444
7 0.24895833333333334 0.40717592592592594 0.004166666666666667 0.00787037037037037
8 0.41484375 0.4340277777777778 0.0140625 0.0625
6 0.24986979166666667 0.4185185185185185 0.010677083333333334 0.030555555555555555
6 0.267578125 0.4238425925925926 0.012239583333333333 0.04027777777777778
6 0.325 0.43148148148148147 0.0109375 0.05740740740740741
6 0.3497395833333333 0.43657407407407406 0.014583333333333334 0.06666666666666667
6 0.441796875 0.4212962962962963 0.00703125 0.03333333333333333
6 0.45598958333333334 0.41759259259259257 0.004166666666666667 0.024074074074074074
6 0.4649739583333333 0.42777777777777776 0.01015625 0.049074074074074076
6 0.487890625 0.4166666666666667 0.004427083333333333 0.021296296296296296
6 0.4920572916666667 0.4203703703703704 0.006510416666666667 0.028703703703703703
6 0.507421875 0.42106481481481484 0.00859375 0.03287037037037037
6 0.5171875 0.4136574074074074 0.009375 0.03657407407407407
6 0.6044270833333333 0.41782407407407407 0.0067708333333333336 0.029166666666666667
6 0.6259114583333333 0.41875 0.00546875 0.027314814814814816
6 0.6317708333333333 0.41782407407407407 0.007291666666666667 0.029166666666666667
6 0.6477864583333334 0.41898148148148145 0.007552083333333333 0.028703703703703703
6 0.6682291666666667 0.42083333333333334 0.00625 0.03148148148148148
6 0.7251302083333333 0.42569444444444443 0.018489583333333334 0.04212962962962963
6 0.8171875 0.38842592592592595 0.005729166666666666 0.014814814814814815
7 0.81640625 0.38287037037037036 0.0020833333333333333 0.003703703703703704
7 0.7313802083333333 0.4101851851851852 0.0049479166666666664 0.011111111111111112
7 0.6696614583333333 0.4078703703703704 0.0033854166666666668 0.005555555555555556
7 0.6477864583333334 0.4081018518518518 0.0033854166666666668 0.006944444444444444
7 0.6252604166666667 0.4081018518518518 0.0026041666666666665 0.0060185185185185185
7 0.6311197916666667 0.4074074074074074 0.002864583333333333 0.006481481481481481
7 0.580859375 0.4078703703703704 0.0033854166666666668 0.007407407407407408
7 0.5154947916666667 0.3988425925925926 0.004427083333333333 0.006944444444444444
7 0.5067708333333333 0.4076388888888889 0.0036458333333333334 0.0060185185185185185
7 0.49166666666666664 0.40925925925925927 0.0026041666666666665 0.006481481481481481
7 0.4889322916666667 0.4083333333333333 0.00234375 0.004629629629629629
7 0.46705729166666665 0.4081018518518518 0.005989583333333334 0.008796296296296297
7 0.4569010416666667 0.4081018518518518 0.00234375 0.004166666666666667
7 0.4407552083333333 0.4078703703703704 0.002864583333333333 0.006481481481481481
7 0.2662760416666667 0.4078703703703704 0.00546875 0.007407407407407408
7 0.32252604166666665 0.4099537037037037 0.005989583333333334 0.013425925925925926
7 0.371484375 0.4085648148148148 0.002864583333333333 0.0060185185185185185
7 0.35078125 0.4081018518518518 0.005208333333333333 0.008796296296296297