6 0.098828125 0.49166666666666664 0.00546875 0.018518518518518517
6 0.10364583333333334 0.4912037037037037 0.0036458333333333334 0.017592592592592594
6 0.107421875 0.49166666666666664 0.0033854166666666668 0.017592592592592594
6 0.11236979166666666 0.49212962962962964 0.006510416666666667 0.021296296296296296
8 0.13658854166666667 0.4898148148148148 0.00703125 0.026851851851851852
6 0.15065104166666668 0.48935185185185187 0.00703125 0.020370370370370372
6 0.16419270833333333 0.48657407407407405 0.00546875 0.017592592592592594
7 0.15065104166666668 0.48148148148148145 0.00234375 0.004629629629629629
7 0.16263020833333333 0.47939814814814813 0.00234375 0.0032407407407407406
7 0.09895833333333333 0.4840277777777778 0.0015625 0.004166666666666667
7 0.10403645833333333 0.4840277777777778 0.0018229166666666667 0.0032407407407407406
7 0.11041666666666666 0.48310185185185184 0.0026041666666666665 0.004166666666666667
7 0.198828125 0.475462962962963 0.0018229166666666667 0.003703703703703704
7 0.21419270833333334 0.4759259259259259 0.0018229166666666667 0.003703703703703704
7 0.21927083333333333 0.4736111111111111 0.0020833333333333333 0.003703703703703704
6 0.19817708333333334 0.48310185185185184 0.0036458333333333334 0.01898148148148148
6 0.21471354166666667 0.4826388888888889 0.005989583333333334 0.018055555555555554
6 0.22018229166666667 0.48009259259259257 0.00546875 0.016666666666666666
6 0.25950520833333335 0.45393518518518516 0.0033854166666666668 0.013425925925925926
7 0.25833333333333336 0.44837962962962963 0.0010416666666666667 0.0023148148148148147
6 0.37981770833333334 0.4736111111111111 0.0049479166666666664 0.017592592592592594
7 0.38046875 0.4666666666666667 0.0020833333333333333 0.003703703703703704
6 0.5485677083333333 0.4706018518518518 0.0049479166666666664 0.018055555555555554
7 0.5498697916666667 0.4634259259259259 0.0018229166666666667 0.003703703703703704