6 0.7106770833333333 0.4081018518518518 0.015625 0.050462962962962966
7 0.7109375 0.38657407407407407 0.004166666666666667 0.007407407407407408
6 0.5466145833333333 0.46828703703703706 0.024479166666666666 0.09675925925925925
6 0.53046875 0.4449074074074074 0.014583333333333334 0.05740740740740741
7 0.5483072916666667 0.4289351851851852 0.007552083333333333 0.018055555555555554
7 0.5303385416666667 0.4217592592592593 0.00546875 0.009259259259259259
6 0.449609375 0.4652777777777778 0.02734375 0.09444444444444444
7 0.45169270833333336 0.4275462962962963 0.009114583333333334 0.01898148148148148
6 0.47161458333333334 0.4449074074074074 0.009895833333333333 0.05925925925925926
7 0.473828125 0.41967592592592595 0.004427083333333333 0.009722222222222222
6 0.30520833333333336 0.46064814814814814 0.027604166666666666 0.10185185185185185
7 0.30325520833333336 0.41875 0.00859375 0.018055555555555554
7 0.3092447916666667 0.41712962962962963 0.0049479166666666664 0.012962962962962963
6 0.34010416666666665 0.43449074074074073 0.0109375 0.04675925925925926
6 0.3483072916666667 0.43194444444444446 0.008072916666666667 0.041666666666666664
7 0.338671875 0.41574074074074074 0.00390625 0.009259259259259259
7 0.34544270833333335 0.4148148148148148 0.00390625 0.006481481481481481
6 0.37005208333333334 0.4525462962962963 0.021354166666666667 0.08009259259259259
7 0.365625 0.4185185185185185 0.007291666666666667 0.012962962962962963
6 0.38958333333333334 0.45069444444444445 0.025520833333333333 0.0875
7 0.3919270833333333 0.41712962962962963 0.009895833333333333 0.020370370370370372
8 0.18958333333333333 0.4703703703703704 0.04635416666666667 0.15648148148148147
6 0.16471354166666666 0.43125 0.015364583333333333 0.06898148148148148
7 0.164453125 0.4081018518518518 0.006510416666666667 0.011574074074074073
7 0.22916666666666666 0.412962962962963 0.005729166666666666 0.012037037037037037
7 0.24934895833333334 0.4125 0.004427083333333333 0.009259259259259259
6 0.22799479166666667 0.4375 0.012239583333333333 0.06111111111111111
6 0.24830729166666668 0.43495370370370373 0.010677083333333334 0.05324074074074074
8 0.033203125 0.42569444444444443 0.03984375 0.11898148148148148
8 0.07213541666666666 0.4372685185185185 0.021875 0.10416666666666667
6 0.10260416666666666 0.46064814814814814 0.04479166666666667 0.13518518518518519
7 0.09440104166666667 0.40370370370370373 0.015364583333333333 0.022222222222222223
7 0.11432291666666666 0.4048611111111111 0.011979166666666667 0.018055555555555554