6 0.747265625 0.4752314814814815 0.01015625 0.0375
7 0.722265625 0.45949074074074076 0.004427083333333333 0.008796296296296297
8 0.7069010416666667 0.4877314814814815 0.02265625 0.0763888888888889
8 0.25494791666666666 0.4009259259259259 0.07291666666666667 0.25092592592592594
6 0.5381510416666667 0.46458333333333335 0.0033854166666666668 0.011574074074074073
6 0.663671875 0.4824074074074074 0.014322916666666666 0.058333333333333334
6 0.7654947916666667 0.47800925925925924 0.00859375 0.04398148148148148
6 0.7783854166666667 0.48055555555555557 0.013020833333333334 0.03518518518518519
6 0.722265625 0.4761574074074074 0.01171875 0.043055555555555555
7 0.778125 0.46805555555555556 0.004166666666666667 0.010185185185185186
7 0.7635416666666667 0.46064814814814814 0.004166666666666667 0.009259259259259259
7 0.746875 0.4599537037037037 0.0036458333333333334 0.006944444444444444
7 0.6979166666666666 0.46041666666666664 0.005729166666666666 0.0125
7 0.6662760416666667 0.4601851851851852 0.00703125 0.013888888888888888