6 0.7983072916666667 0.4564814814814815 0.00703125 0.025925925925925925
6 0.4453125 0.456712962962963 0.0046875 0.014351851851851852
7 0.799609375 0.44675925925925924 0.0033854166666666668 0.006481481481481481
6 0.580078125 0.4550925925925926 0.00234375 0.009259259259259259
6 0.58203125 0.45717592592592593 0.0020833333333333333 0.0060185185185185185
6 0.6221354166666667 0.4537037037037037 0.003125 0.011111111111111112
6 0.6265625 0.4564814814814815 0.003125 0.006481481481481481
6 0.6313802083333333 0.4527777777777778 0.00234375 0.010185185185185186
6 0.6434895833333333 0.45439814814814816 0.0036458333333333334 0.009722222222222222
6 0.6625 0.4534722222222222 0.0020833333333333333 0.008796296296296297
6 0.6592447916666667 0.4532407407407407 0.002864583333333333 0.010185185185185186
6 0.49322916666666666 0.462037037037037 0.0078125 0.025
7 0.49388020833333335 0.4527777777777778 0.0033854166666666668 0.006481481481481481
8 0.5204427083333333 0.35162037037037036 0.01171875 0.03287037037037037
6 0.6540364583333333 0.4527777777777778 0.0033854166666666668 0.012962962962962963