6 0.13424479166666667 0.5122685185185185 0.054947916666666666 0.13842592592592592
6 0.41497395833333334 0.46828703703703706 0.019010416666666665 0.06527777777777778
7 0.13997395833333334 0.4597222222222222 0.023177083333333334 0.03518518518518519
7 0.412109375 0.4425925925925926 0.00703125 0.012962962962962963
6 0.4453125 0.4925925925925926 0.025520833333333333 0.125
7 0.45286458333333335 0.4409722222222222 0.009895833333333333 0.020833333333333332
6 0.25546875 0.4497685185185185 0.011979166666666667 0.03194444444444444
6 0.3346354166666667 0.46921296296296294 0.019791666666666666 0.07546296296296297
6 0.3865885416666667 0.42453703703703705 0.009114583333333334 0.019444444444444445
7 0.25338541666666664 0.4377314814814815 0.0036458333333333334 0.006944444444444444
7 0.3299479166666667 0.4388888888888889 0.008333333333333333 0.013888888888888888
7 0.3880208333333333 0.4173611111111111 0.0026041666666666665 0.005092592592592593