0 0.10697115384615384 0.4879807692307692 0.0625 0.18509615384615385
0 0.20192307692307693 0.5096153846153846 0.08413461538461539 0.1778846153846154
0 0.35336538461538464 0.5336538461538461 0.04807692307692308 0.20673076923076922
0 0.5012019230769231 0.36658653846153844 0.026442307692307692 0.10336538461538461
0 0.10817307692307693 0.36658653846153844 0.036057692307692304 0.057692307692307696
0 0.04326923076923077 0.3449519230769231 0.03125 0.08413461538461539
0 0.3293269230769231 0.14302884615384615 0.019230769230769232 0.06490384615384616
0 0.35216346153846156 0.35096153846153844 0.026442307692307692 0.08653846153846154
0 0.2776442307692308 0.29927884615384615 0.026442307692307692 0.057692307692307696
0 0.16947115384615385 0.3245192307692308 0.026442307692307692 0.07451923076923077
0 0.13822115384615385 0.31009615384615385 0.021634615384615384 0.06971153846153846
0 0.38822115384615385 0.3389423076923077 0.021634615384615384 0.07451923076923077