0 0.125 0.5060096153846154 0.06009615384615385 0.17548076923076922
0 0.21634615384615385 0.5264423076923077 0.07932692307692307 0.17067307692307693
0 0.36177884615384615 0.5492788461538461 0.04567307692307692 0.19951923076923078
0 0.5036057692307693 0.3894230769230769 0.02403846153846154 0.0985576923076923
0 0.12740384615384615 0.3894230769230769 0.03365384615384615 0.055288461538461536
0 0.06610576923076923 0.36899038461538464 0.03125 0.07932692307692307
0 0.3389423076923077 0.17548076923076922 0.019230769230769232 0.0625
0 0.3605769230769231 0.3737980769230769 0.026442307692307692 0.08173076923076923
0 0.28966346153846156 0.32572115384615385 0.02403846153846154 0.052884615384615384
0 0.18629807692307693 0.3485576923076923 0.02403846153846154 0.06971153846153846
0 0.15504807692307693 0.33653846153846156 0.019230769230769232 0.0673076923076923
0 0.3954326923076923 0.3629807692307692 0.019230769230769232 0.07211538461538461